7.929099225912912190e+07
1.101024298112421483e+08
1.410973652669684887e+08
1.603641041379022002e+08
1.891630932059744596e+08
2.253173990021529198e+08
2.677133114156516194e+08
3.073863719231514931e+08
3.555458878916314244e+08
4.117524927422658801e+08
4.782402830254664421e+08
5.597238066996210814e+08
6.646061911993402243e+08
8.083194080857475996e+08
1.020901025196466565e+09
1.364959457754435062e+09
1.976542812829277754e+09
3.117427619783719063e+09
4.769724649732501030e+09
4.274513299694756508e+09
4.664784209636604309e+09
1.102915910969773102e+10
4.143721579045801163e+09
3.392950350248117924e+09
2.910624335190357685e+09
2.512414530133721352e+09
2.234951540479649544e+09
2.011661722929122925e+09
1.825348625528955698e+09
1.673025573389833689e+09
1.540414562687237501e+09
1.431991243369460583e+09
1.337964819407329082e+09
1.254304990736426115e+09
1.180854310839584589e+09
1.114811917240602493e+09
1.056376095748790503e+09
1.003347608104516029e+09
9.555496774743214846e+08
9.120129743041975498e+08
8.726032630043116808e+08
8.366808219496283531e+08
8.039701017062231302e+08
7.739604648870674372e+08
7.468716818149192333e+08
7.220849412353821993e+08
6.992678820419127941e+08
6.782628439791691303e+08
6.590387530932621956e+08
6.411892362733303308e+08
6.245869990919538736e+08
6.099156930655472279e+08
5.958130937392901182e+08
5.823588252069025040e+08
5.707820847192701101e+08
5.593948157429108620e+08
5.487194342242466211e+08
5.385072363564294577e+08
5.296367440146799088e+08
5.203588174707364440e+08
5.128432196475991011e+08
5.047377681294618845e+08
4.970374966277096272e+08
4.898646406082036495e+08
4.844469962833227515e+08
4.780952114440491796e+08
4.722344583793033957e+08
4.667951114056000113e+08
4.620570368923956752e+08
4.572700856542022228e+08
4.531167052691305280e+08
4.488641633382267356e+08
4.452004638965076804e+08
4.415573047554242015e+08
4.381206231132524014e+08
4.350979073783419132e+08
4.326111284539874792e+08
4.303270675197799802e+08
4.281585568217770457e+08
4.240339547832860351e+08
4.222141618096845746e+08
4.213515071159149408e+08
4.206267758765305281e+08
4.205344277818772197e+08
4.211806570031614304e+08
4.218529121706123352e+08
4.231904936295647621e+08
4.253580363630866408e+08
4.278295339958683848e+08
4.307101047483410239e+08
4.338021530559505820e+08
4.370818192936276793e+08
4.404206288290988803e+08
4.435262179320781231e+08
4.471690028167969584e+08
4.508344262184242010e+08
4.609695307132555246e+08
4.656261581826784611e+08
4.699685231108271480e+08
4.753558078749711514e+08
4.909463164061817527e+08
