7.929099225912912190e+07
1.101024298112421483e+08
1.410973652654215395e+08
1.603641041478299499e+08
1.891630931969923377e+08
2.253173989940678477e+08
2.677133113757938445e+08
3.073863719088171721e+08
3.555458878972438574e+08
4.117524927451370358e+08
4.782402830662482977e+08
5.597238066863317490e+08
6.646061911808773279e+08
8.083194081148811579e+08
1.020901025521349549e+09
1.364959457490360260e+09
1.976542811263573408e+09
3.117427619034898758e+09
4.769724650007989883e+09
4.274513305036290169e+09
4.664784228182255745e+09
1.102915912033357239e+10
4.143721581697027683e+09
3.392950347398334503e+09
2.910624336845479012e+09
2.512414533974750996e+09
2.234951540046944618e+09
2.011661724082460403e+09
1.825348627081341267e+09
1.673025574165806532e+09
1.540414563377891541e+09
1.431991243170913935e+09
1.337964818975813627e+09
1.254304991079052210e+09
1.180854311398269176e+09
1.114811917230917692e+09
1.056376096091276407e+09
1.003347608222438812e+09
9.555496773483716249e+08
9.120129743268922567e+08
8.726032631517053843e+08
8.366808219944856167e+08
8.039701014240829945e+08
7.739604649295163155e+08
7.468716821583719254e+08
7.220849412073137760e+08
6.992678821789559126e+08
6.782628440172177553e+08
6.590387530904924870e+08
6.411892363391062021e+08
6.245869990095784664e+08
6.099156930261446238e+08
5.958130937503411770e+08
5.823588251500872374e+08
5.707820845672641993e+08
5.593948156455049515e+08
5.487194341554851532e+08
5.385072364045926332e+08
5.296367440513086319e+08
5.203588175374975204e+08
5.128432195979295373e+08
5.047377680878667831e+08
4.970374965153332353e+08
4.898646405519550443e+08
4.844469962988145947e+08
4.780952115984592438e+08
4.722344582848473191e+08
4.667951113988168836e+08
4.620570368956936002e+08
4.572700856646021605e+08
4.531167051973245144e+08
4.488641634499721527e+08
4.452004638592640758e+08
4.415573048063404560e+08
4.381206232034720182e+08
4.350979073031705022e+08
4.326111284823904037e+08
4.303270676055066586e+08
4.281585569787599444e+08
4.240339548713337183e+08
4.222141618567636609e+08
4.213515070451960564e+08
4.206267759047657847e+08
4.205344278026900291e+08
4.211806570449247360e+08
4.218529121676701307e+08
4.231904936695505381e+08
4.253580364402991533e+08
4.278295339238289595e+08
4.307101047907671928e+08
4.338021530416920185e+08
4.370818193076714277e+08
4.404206288192553520e+08
4.435262179010567665e+08
4.471690028695123792e+08
4.508344263243836164e+08
4.609695306776143312e+08
4.656261582575231791e+08
4.699685232279496789e+08
4.753558077428981066e+08
4.909463164529457688e+08
