-4.245e+06 -4.234e+06 -4.213e+06 -4.187e+06 -4.151e+06 -4.110e+06
-4.234e+06 -4.245e+06 -4.213e+06 -4.187e+06 -4.151e+06 -4.110e+06
-4.189e+06 -4.178e+06 -4.158e+06 -4.132e+06 -4.096e+06 -4.056e+06
-3.781e+06 -3.771e+06 -3.753e+06 -3.729e+06 -3.698e+06 -3.661e+06
-3.542e+06 -3.534e+06 -3.516e+06 -3.495e+06 -3.465e+06 -3.431e+06
-3.257e+06 -3.250e+06 -3.233e+06 -3.214e+06 -3.186e+06 -3.155e+06
-3.007e+06 -3.000e+06 -2.985e+06 -2.967e+06 -2.942e+06 -2.913e+06
-2.882e+06 -2.876e+06 -2.861e+06 -2.844e+06 -2.820e+06 -2.793e+06
-2.818e+06 -2.811e+06 -2.797e+06 -2.780e+06 -2.757e+06 -2.730e+06
-2.775e+06 -2.769e+06 -2.755e+06 -2.738e+06 -2.715e+06 -2.689e+06
-2.741e+06 -2.735e+06 -2.721e+06 -2.705e+06 -2.682e+06 -2.656e+06
-2.709e+06 -2.703e+06 -2.689e+06 -2.673e+06 -2.651e+06 -2.625e+06
-2.677e+06 -2.672e+06 -2.657e+06 -2.642e+06 -2.620e+06 -2.594e+06
-2.643e+06 -2.638e+06 -2.624e+06 -2.608e+06 -2.586e+06 -2.561e+06
-2.606e+06 -2.602e+06 -2.587e+06 -2.573e+06 -2.551e+06 -2.526e+06
-2.568e+06 -2.565e+06 -2.549e+06 -2.535e+06 -2.514e+06 -2.489e+06
-2.531e+06 -2.529e+06 -2.509e+06 -2.498e+06 -2.476e+06 -2.453e+06
-2.498e+06 -2.496e+06 -2.472e+06 -2.464e+06 -2.441e+06 -2.419e+06
-2.482e+06 -2.478e+06 -2.444e+06 -2.438e+06 -2.408e+06 -2.392e+06
-2.466e+06 -2.454e+06 -2.424e+06 -2.404e+06 -2.379e+06 -2.366e+06
-2.647e+06 -2.624e+06 -2.519e+06 -2.505e+06 -2.503e+06 -2.492e+06
-3.436e+06 -3.417e+06 -3.374e+06 -3.325e+06 -3.141e+06 -3.130e+06
-3.727e+06 -3.730e+06 -3.524e+06 -3.491e+06 -3.424e+06 -3.425e+06
-3.812e+06 -3.806e+06 -3.600e+06 -3.578e+06 -3.523e+06 -3.513e+06
-3.854e+06 -3.846e+06 -3.644e+06 -3.628e+06 -3.580e+06 -3.567e+06
-3.883e+06 -3.876e+06 -3.680e+06 -3.659e+06 -3.617e+06 -3.605e+06
-3.896e+06 -3.890e+06 -3.705e+06 -3.693e+06 -3.641e+06 -3.628e+06
-3.909e+06 -3.899e+06 -3.718e+06 -3.706e+06 -3.667e+06 -3.649e+06
-3.926e+06 -3.918e+06 -3.735e+06 -3.714e+06 -3.686e+06 -3.676e+06
-3.925e+06 -3.930e+06 -3.754e+06 -3.734e+06 -3.693e+06 -3.683e+06
-3.932e+06 -3.928e+06 -3.762e+06 -3.748e+06 -3.688e+06 -3.697e+06
-3.930e+06 -3.936e+06 -3.764e+06 -3.756e+06 -3.714e+06 -3.697e+06
-3.934e+06 -3.942e+06 -3.766e+06 -3.757e+06 -3.710e+06 -3.730e+06
-3.950e+06 -3.938e+06 -3.769e+06 -3.758e+06 -3.738e+06 -3.718e+06
-3.944e+06 -3.951e+06 -3.778e+06 -3.761e+06 -3.739e+06 -3.729e+06
-3.953e+06 -3.947e+06 -3.789e+06 -3.770e+06 -3.739e+06 -3.733e+06
-3.950e+06 -3.956e+06 -3.798e+06 -3.779e+06 -3.733e+06 -3.739e+06
-3.955e+06 -3.949e+06 -3.797e+06 -3.782e+06 -3.732e+06 -3.739e+06
-3.955e+06 -3.950e+06 -3.798e+06 -3.791e+06 -3.742e+06 -3.734e+06
-3.956e+06 -3.949e+06 -3.797e+06 -3.790e+06 -3.743e+06 -3.732e+06
-3.955e+06 -3.949e+06 -3.800e+06 -3.789e+06 -3.742e+06 -3.731e+06
-3.948e+06 -3.955e+06 -3.800e+06 -3.789e+06 -3.743e+06 -3.730e+06
-3.948e+06 -3.955e+06 -3.799e+06 -3.788e+06 -3.742e+06 -3.731e+06
-3.955e+06 -3.947e+06 -3.798e+06 -3.787e+06 -3.727e+06 -3.747e+06
-3.954e+06 -3.945e+06 -3.797e+06 -3.787e+06 -3.746e+06 -3.726e+06
-3.953e+06 -3.945e+06 -3.792e+06 -3.786e+06 -3.742e+06 -3.725e+06
-3.953e+06 -3.944e+06 -3.792e+06 -3.785e+06 -3.724e+06 -3.745e+06
-3.953e+06 -3.944e+06 -3.790e+06 -3.785e+06 -3.748e+06 -3.726e+06
-3.956e+06 -3.944e+06 -3.791e+06 -3.784e+06 -3.754e+06 -3.726e+06
-3.956e+06 -3.945e+06 -3.790e+06 -3.785e+06 -3.759e+06 -3.731e+06
-3.956e+06 -3.946e+06 -3.790e+06 -3.784e+06 -3.759e+06 -3.740e+06
-3.950e+06 -3.960e+06 -3.805e+06 -3.784e+06 -3.765e+06 -3.749e+06
-3.960e+06 -3.950e+06 -3.805e+06 -3.799e+06 -3.749e+06 -3.764e+06
-3.963e+06 -3.954e+06 -3.804e+06 -3.798e+06 -3.773e+06 -3.757e+06
-3.964e+06 -3.955e+06 -3.808e+06 -3.798e+06 -3.775e+06 -3.765e+06
-3.966e+06 -3.955e+06 -3.814e+06 -3.806e+06 -3.782e+06 -3.766e+06
-3.967e+06 -3.962e+06 -3.806e+06 -3.818e+06 -3.782e+06 -3.771e+06
-3.961e+06 -3.968e+06 -3.818e+06 -3.811e+06 -3.783e+06 -3.771e+06
-3.968e+06 -3.961e+06 -3.818e+06 -3.811e+06 -3.784e+06 -3.771e+06
-3.968e+06 -3.965e+06 -3.818e+06 -3.811e+06 -3.785e+06 -3.779e+06
-3.971e+06 -3.966e+06 -3.825e+06 -3.820e+06 -3.790e+06 -3.779e+06
-3.968e+06 -3.972e+06 -3.829e+06 -3.820e+06 -3.791e+06 -3.782e+06
-3.972e+06 -3.967e+06 -3.829e+06 -3.819e+06 -3.791e+06 -3.782e+06
-3.971e+06 -3.967e+06 -3.830e+06 -3.821e+06 -3.781e+06 -3.791e+06
-3.974e+06 -3.967e+06 -3.830e+06 -3.821e+06 -3.791e+06 -3.781e+06
-3.974e+06 -3.968e+06 -3.830e+06 -3.822e+06 -3.792e+06 -3.782e+06
-3.974e+06 -3.968e+06 -3.830e+06 -3.822e+06 -3.792e+06 -3.781e+06
-3.968e+06 -3.974e+06 -3.830e+06 -3.821e+06 -3.791e+06 -3.781e+06
-3.974e+06 -3.968e+06 -3.829e+06 -3.821e+06 -3.791e+06 -3.781e+06
-3.974e+06 -3.968e+06 -3.829e+06 -3.821e+06 -3.791e+06 -3.781e+06
-3.973e+06 -3.968e+06 -3.829e+06 -3.820e+06 -3.790e+06 -3.780e+06
-3.973e+06 -3.968e+06 -3.829e+06 -3.820e+06 -3.790e+06 -3.780e+06
-3.973e+06 -3.967e+06 -3.820e+06 -3.829e+06 -3.780e+06 -3.790e+06
-3.973e+06 -3.969e+06 -3.828e+06 -3.819e+06 -3.790e+06 -3.780e+06
-3.973e+06 -3.969e+06 -3.828e+06 -3.819e+06 -3.789e+06 -3.779e+06
-3.973e+06 -3.969e+06 -3.828e+06 -3.819e+06 -3.789e+06 -3.779e+06
-3.968e+06 -3.973e+06 -3.827e+06 -3.819e+06 -3.789e+06 -3.779e+06
-3.968e+06 -3.973e+06 -3.827e+06 -3.818e+06 -3.788e+06 -3.778e+06
-3.968e+06 -3.973e+06 -3.827e+06 -3.818e+06 -3.788e+06 -3.778e+06
-3.973e+06 -3.968e+06 -3.826e+06 -3.818e+06 -3.777e+06 -3.787e+06
-3.973e+06 -3.967e+06 -3.826e+06 -3.818e+06 -3.787e+06 -3.777e+06
-3.972e+06 -3.967e+06 -3.826e+06 -3.817e+06 -3.787e+06 -3.776e+06
-3.967e+06 -3.972e+06 -3.825e+06 -3.817e+06 -3.776e+06 -3.786e+06
-3.972e+06 -3.967e+06 -3.825e+06 -3.817e+06 -3.786e+06 -3.776e+06
-3.972e+06 -3.966e+06 -3.825e+06 -3.816e+06 -3.786e+06 -3.775e+06
-3.966e+06 -3.971e+06 -3.824e+06 -3.816e+06 -3.785e+06 -3.775e+06
-3.966e+06 -3.971e+06 -3.824e+06 -3.815e+06 -3.785e+06 -3.774e+06
-3.971e+06 -3.966e+06 -3.824e+06 -3.815e+06 -3.784e+06 -3.774e+06
-3.971e+06 -3.966e+06 -3.823e+06 -3.815e+06 -3.774e+06 -3.784e+06
-3.971e+06 -3.965e+06 -3.823e+06 -3.814e+06 -3.783e+06 -3.773e+06
-3.965e+06 -3.970e+06 -3.823e+06 -3.814e+06 -3.783e+06 -3.773e+06
-3.969e+06 -3.965e+06 -3.822e+06 -3.814e+06 -3.783e+06 -3.772e+06
-3.969e+06 -3.965e+06 -3.822e+06 -3.813e+06 -3.782e+06 -3.772e+06
-3.964e+06 -3.968e+06 -3.821e+06 -3.813e+06 -3.782e+06 -3.771e+06
-3.968e+06 -3.964e+06 -3.821e+06 -3.813e+06 -3.781e+06 -3.771e+06
-3.968e+06 -3.964e+06 -3.821e+06 -3.812e+06 -3.781e+06 -3.770e+06
-3.968e+06 -3.963e+06 -3.820e+06 -3.812e+06 -3.781e+06 -3.770e+06
-3.967e+06 -3.963e+06 -3.820e+06 -3.812e+06 -3.780e+06 -3.769e+06
-3.967e+06 -3.963e+06 -3.820e+06 -3.812e+06 -3.769e+06 -3.780e+06
-3.967e+06 -3.963e+06 -3.820e+06 -3.811e+06 -3.780e+06 -3.769e+06
-3.967e+06 -3.963e+06 -3.819e+06 -3.811e+06 -3.768e+06 -3.779e+06
