*-------------------------------
QUAD 4
SOLID 2
# Ele ID, i(I), ...
  1,   1,  14, 252,  73
  2,  14,  15, 253, 252
  3,  15,  16, 254, 253
  4,  16,  17, 255, 254
  5,  17,  18, 256, 255
  6,  18,  19, 257, 256
  7,  19,  20, 258, 257
  8,  20,  21, 259, 258
  9,  21,  22, 260, 259
 10,  22,  23, 261, 260
 11,  23,  24, 262, 261
 12,  24,   2,  25, 262
 13,  73, 252, 263,  72
 14, 252, 253, 264, 263
 15, 253, 254, 265, 264
 16, 254, 255, 266, 265
 17, 255, 256, 267, 266
 18, 256, 257, 268, 267
 19, 257, 258, 269, 268
 20, 258, 259, 270, 269
 21, 259, 260, 271, 270
 22, 260, 261, 272, 271
 23, 261, 262, 273, 272
 24, 262,  25,  26, 273
 25,  72, 263, 274,  71
 26, 263, 264, 275, 274
 27, 264, 265, 276, 275
 28, 265, 266, 277, 276
 29, 266, 267, 278, 277
 30, 267, 268, 279, 278
 31, 268, 269, 280, 279
 32, 269, 270, 281, 280
 33, 270, 271, 282, 281
 34, 271, 272, 283, 282
 35, 272, 273, 284, 283
 36, 273,  26,  27, 284
 37,  71, 274, 285,  70
 38, 274, 275, 286, 285
 39, 275, 276, 287, 286
 40, 276, 277, 288, 287
 41, 277, 278, 289, 288
 42, 278, 279, 290, 289
 43, 279, 280, 291, 290
 44, 280, 281, 292, 291
 45, 281, 282, 293, 292
 46, 282, 283, 294, 293
 47, 283, 284, 295, 294
 48, 284,  27,  28, 295
 49,  70, 285, 296,  69
 50, 285, 286, 297, 296
 51, 286, 287, 298, 297
 52, 287, 288, 299, 298
 53, 288, 289, 300, 299
 54, 289, 290, 301, 300
 55, 290, 291, 302, 301
 56, 291, 292, 303, 302
 57, 292, 293, 304, 303
 58, 293, 294, 305, 304
 59, 294, 295, 306, 305
 60, 295,  28,  29, 306
 61,  69, 296, 307,  68
 62, 296, 297, 308, 307
 63, 297, 298, 309, 308
 64, 298, 299, 310, 309
 65, 299, 300, 311, 310
 66, 300, 301, 312, 311
 67, 301, 302, 313, 312
 68, 302, 303, 314, 313
 69, 303, 304, 315, 314
 70, 304, 305, 316, 315
 71, 305, 306, 317, 316
 72, 306,  29,  30, 317
 73,  68, 307, 318,  67
 74, 307, 308, 319, 318
 75, 308, 309, 320, 319
 76, 309, 310, 321, 320
 77, 310, 311, 322, 321
 78, 311, 312, 323, 322
 79, 312, 313, 324, 323
 80, 313, 314, 325, 324
 81, 314, 315, 326, 325
 82, 315, 316, 327, 326
 83, 316, 317, 328, 327
 84, 317,  30,  31, 328
 85,  67, 318, 329,  66
 86, 318, 319, 330, 329
 87, 319, 320, 331, 330
 88, 320, 321, 332, 331
 89, 321, 322, 333, 332
 90, 322, 323, 334, 333
 91, 323, 324, 335, 334
 92, 324, 325, 336, 335
 93, 325, 326, 337, 336
 94, 326, 327, 338, 337
 95, 327, 328, 339, 338
 96, 328,  31,  32, 339
 97,  66, 329, 340,  65
 98, 329, 330, 341, 340
 99, 330, 331, 342, 341
100, 331, 332, 343, 342
101, 332, 333, 344, 343
102, 333, 334, 345, 344
103, 334, 335, 346, 345
104, 335, 336, 347, 346
105, 336, 337, 348, 347
106, 337, 338, 349, 348
107, 338, 339, 350, 349
108, 339,  32,  33, 350
109,  65, 340, 351,  64
110, 340, 341, 352, 351
111, 341, 342, 353, 352
112, 342, 343, 354, 353
113, 343, 344, 355, 354
114, 344, 345, 356, 355
115, 345, 346, 357, 356
116, 346, 347, 358, 357
117, 347, 348, 359, 358
118, 348, 349, 360, 359
119, 349, 350, 361, 360
120, 350,  33,  34, 361
121,  64, 351, 362,  63
122, 351, 352, 363, 362
123, 352, 353, 364, 363
124, 353, 354, 365, 364
125, 354, 355, 366, 365
126, 355, 356, 367, 366
127, 356, 357, 368, 367
128, 357, 358, 369, 368
129, 358, 359, 370, 369
130, 359, 360, 371, 370
131, 360, 361, 372, 371
132, 361,  34,  35, 372
133,  63, 362, 373,  62
134, 362, 363, 374, 373
135, 363, 364, 375, 374
136, 364, 365, 376, 375
137, 365, 366, 377, 376
138, 366, 367, 378, 377
139, 367, 368, 379, 378
140, 368, 369, 380, 379
141, 369, 370, 381, 380
142, 370, 371, 382, 381
143, 371, 372, 383, 382
144, 372,  35,  36, 383
145,  62, 373, 384,  61
146, 373, 374, 385, 384
147, 374, 375, 386, 385
148, 375, 376, 387, 386
149, 376, 377, 388, 387
150, 377, 378, 389, 388
151, 378, 379, 390, 389
152, 379, 380, 391, 390
153, 380, 381, 392, 391
154, 381, 382, 393, 392
155, 382, 383, 394, 393
156, 383,  36,  37, 394
157,  61, 384, 395,  60
158, 384, 385, 396, 395
159, 385, 386, 397, 396
160, 386, 387, 398, 397
161, 387, 388, 399, 398
162, 388, 389, 400, 399
163, 389, 390, 401, 400
164, 390, 391, 402, 401
165, 391, 392, 403, 402
166, 392, 393, 404, 403
167, 393, 394, 405, 404
168, 394,  37,  38, 405
169,  60, 395, 406,  59
170, 395, 396, 407, 406
171, 396, 397, 408, 407
172, 397, 398, 409, 408
173, 398, 399, 410, 409
174, 399, 400, 411, 410
175, 400, 401, 412, 411
176, 401, 402, 413, 412
177, 402, 403, 414, 413
178, 403, 404, 415, 414
179, 404, 405, 416, 415
180, 405,  38,  39, 416
181,  59, 406, 417,  58
182, 406, 407, 418, 417
183, 407, 408, 419, 418
184, 408, 409, 420, 419
185, 409, 410, 421, 420
186, 410, 411, 422, 421
187, 411, 412, 423, 422
188, 412, 413, 424, 423
189, 413, 414, 425, 424
190, 414, 415, 426, 425
191, 415, 416, 427, 426
192, 416,  39,  40, 427
193,  58, 417, 428,  57
194, 417, 418, 429, 428
195, 418, 419, 430, 429
196, 419, 420, 431, 430
197, 420, 421, 432, 431
198, 421, 422, 433, 432
199, 422, 423, 434, 433
200, 423, 424, 435, 434
201, 424, 425, 436, 435
202, 425, 426, 437, 436
203, 426, 427, 438, 437
204, 427,  40,  41, 438
205,  57, 428, 439,  56
206, 428, 429, 440, 439
207, 429, 430, 441, 440
208, 430, 431, 442, 441
209, 431, 432, 443, 442
210, 432, 433, 444, 443
211, 433, 434, 445, 444
212, 434, 435, 446, 445
213, 435, 436, 447, 446
214, 436, 437, 448, 447
215, 437, 438, 449, 448
216, 438,  41,  42, 449
217,  56, 439, 450,  55
218, 439, 440, 451, 450
219, 440, 441, 452, 451
220, 441, 442, 453, 452
221, 442, 443, 454, 453
222, 443, 444, 455, 454
223, 444, 445, 456, 455
224, 445, 446, 457, 456
225, 446, 447, 458, 457
226, 447, 448, 459, 458
227, 448, 449, 460, 459
228, 449,  42,  43, 460
229,  55, 450,  54,   4
230, 450, 451,  53,  54
231, 451, 452,  52,  53
232, 452, 453,  51,  52
233, 453, 454,  50,  51
234, 454, 455,  49,  50
235, 455, 456,  48,  49
236, 456, 457,  47,  48
237, 457, 458,  46,  47
238, 458, 459,  45,  46
239, 459, 460,  44,  45
240, 460,  43,   3,  44
241,   2,  74, 461,  25
242,  74,  75, 462, 461
243,  75,  76, 463, 462
244,  76,  77, 464, 463
245,  77,  78, 465, 464
246,  78,  79, 466, 465
247,  79,  80, 467, 466
248,  80,  81, 468, 467
249,  81,  82, 469, 468
250,  82,  83, 470, 469
251,  83,  84, 471, 470
252,  84,  85, 472, 471
253,  85,  86, 473, 472
254,  86,  87, 474, 473
255,  87,  88, 475, 474
256,  88,  89, 476, 475
257,  89,  90, 477, 476
258,  90,  91, 478, 477
259,  91,  92, 479, 478
260,  92,   5,  93, 479
261,  25, 461, 480,  26
262, 461, 462, 481, 480
263, 462, 463, 482, 481
264, 463, 464, 483, 482
265, 464, 465, 484, 483
266, 465, 466, 485, 484
267, 466, 467, 486, 485
268, 467, 468, 487, 486
269, 468, 469, 488, 487
270, 469, 470, 489, 488
271, 470, 471, 490, 489
272, 471, 472, 491, 490
273, 472, 473, 492, 491
274, 473, 474, 493, 492
275, 474, 475, 494, 493
276, 475, 476, 495, 494
277, 476, 477, 496, 495
278, 477, 478, 497, 496
279, 478, 479, 498, 497
280, 479,  93,  94, 498
281,  26, 480, 499,  27
282, 480, 481, 500, 499
283, 481, 482, 501, 500
284, 482, 483, 502, 501
285, 483, 484, 503, 502
286, 484, 485, 504, 503
287, 485, 486, 505, 504
288, 486, 487, 506, 505
289, 487, 488, 507, 506
290, 488, 489, 508, 507
291, 489, 490, 509, 508
292, 490, 491, 510, 509
293, 491, 492, 511, 510
294, 492, 493, 512, 511
295, 493, 494, 513, 512
296, 494, 495, 514, 513
297, 495, 496, 515, 514
298, 496, 497, 516, 515
299, 497, 498, 517, 516
300, 498,  94,  95, 517
301,  27, 499, 518,  28
302, 499, 500, 519, 518
303, 500, 501, 520, 519
304, 501, 502, 521, 520
305, 502, 503, 522, 521
306, 503, 504, 523, 522
307, 504, 505, 524, 523
308, 505, 506, 525, 524
309, 506, 507, 526, 525
310, 507, 508, 527, 526
311, 508, 509, 528, 527
312, 509, 510, 529, 528
313, 510, 511, 530, 529
314, 511, 512, 531, 530
315, 512, 513, 532, 531
316, 513, 514, 533, 532
317, 514, 515, 534, 533
318, 515, 516, 535, 534
319, 516, 517, 536, 535
320, 517,  95,  96, 536
321,  28, 518, 537,  29
322, 518, 519, 538, 537
323, 519, 520, 539, 538
324, 520, 521, 540, 539
325, 521, 522, 541, 540
326, 522, 523, 542, 541
327, 523, 524, 543, 542
328, 524, 525, 544, 543
329, 525, 526, 545, 544
330, 526, 527, 546, 545
331, 527, 528, 547, 546
332, 528, 529, 548, 547
333, 529, 530, 549, 548
334, 530, 531, 550, 549
335, 531, 532, 551, 550
336, 532, 533, 552, 551
337, 533, 534, 553, 552
338, 534, 535, 554, 553
339, 535, 536, 555, 554
340, 536,  96,  97, 555
341,  29, 537, 556,  30
342, 537, 538, 557, 556
343, 538, 539, 558, 557
344, 539, 540, 559, 558
345, 540, 541, 560, 559
346, 541, 542, 561, 560
347, 542, 543, 562, 561
348, 543, 544, 563, 562
349, 544, 545, 564, 563
350, 545, 546, 565, 564
351, 546, 547, 566, 565
352, 547, 548, 567, 566
353, 548, 549, 568, 567
354, 549, 550, 569, 568
355, 550, 551, 570, 569
356, 551, 552, 571, 570
357, 552, 553, 572, 571
358, 553, 554, 573, 572
359, 554, 555, 574, 573
360, 555,  97,  98, 574
361,  30, 556, 575,  31
362, 556, 557, 576, 575
363, 557, 558, 577, 576
364, 558, 559, 578, 577
365, 559, 560, 579, 578
366, 560, 561, 580, 579
367, 561, 562, 581, 580
368, 562, 563, 582, 581
369, 563, 564, 583, 582
370, 564, 565, 584, 583
371, 565, 566, 585, 584
372, 566, 567, 586, 585
373, 567, 568, 587, 586
374, 568, 569, 588, 587
375, 569, 570, 589, 588
376, 570, 571, 590, 589
377, 571, 572, 591, 590
378, 572, 573, 592, 591
379, 573, 574, 593, 592
380, 574,  98,  99, 593
381,  31, 575, 594,  32
382, 575, 576, 595, 594
383, 576, 577, 596, 595
384, 577, 578, 597, 596
385, 578, 579, 598, 597
386, 579, 580, 599, 598
387, 580, 581, 600, 599
388, 581, 582, 601, 600
389, 582, 583, 602, 601
390, 583, 584, 603, 602
391, 584, 585, 604, 603
392, 585, 586, 605, 604
393, 586, 587, 606, 605
394, 587, 588, 607, 606
395, 588, 589, 608, 607
396, 589, 590, 609, 608
397, 590, 591, 610, 609
398, 591, 592, 611, 610
399, 592, 593, 612, 611
400, 593,  99, 100, 612
401,  32, 594, 613,  33
402, 594, 595, 614, 613
403, 595, 596, 615, 614
404, 596, 597, 616, 615
405, 597, 598, 617, 616
406, 598, 599, 618, 617
407, 599, 600, 619, 618
408, 600, 601, 620, 619
409, 601, 602, 621, 620
410, 602, 603, 622, 621
411, 603, 604, 623, 622
412, 604, 605, 624, 623
413, 605, 606, 625, 624
414, 606, 607, 626, 625
415, 607, 608, 627, 626
416, 608, 609, 628, 627
417, 609, 610, 629, 628
418, 610, 611, 630, 629
419, 611, 612, 631, 630
420, 612, 100, 101, 631
421,  33, 613, 632,  34
422, 613, 614, 633, 632
423, 614, 615, 634, 633
424, 615, 616, 635, 634
425, 616, 617, 636, 635
426, 617, 618, 637, 636
427, 618, 619, 638, 637
428, 619, 620, 639, 638
429, 620, 621, 640, 639
430, 621, 622, 641, 640
431, 622, 623, 642, 641
432, 623, 624, 643, 642
433, 624, 625, 644, 643
434, 625, 626, 645, 644
435, 626, 627, 646, 645
436, 627, 628, 647, 646
437, 628, 629, 648, 647
438, 629, 630, 649, 648
439, 630, 631, 650, 649
440, 631, 101, 102, 650
441,  34, 632, 651,  35
442, 632, 633, 652, 651
443, 633, 634, 653, 652
444, 634, 635, 654, 653
445, 635, 636, 655, 654
446, 636, 637, 656, 655
447, 637, 638, 657, 656
448, 638, 639, 658, 657
449, 639, 640, 659, 658
450, 640, 641, 660, 659
451, 641, 642, 661, 660
452, 642, 643, 662, 661
453, 643, 644, 663, 662
454, 644, 645, 664, 663
455, 645, 646, 665, 664
456, 646, 647, 666, 665
457, 647, 648, 667, 666
458, 648, 649, 668, 667
459, 649, 650, 669, 668
460, 650, 102, 103, 669
461,  35, 651, 670,  36
462, 651, 652, 671, 670
463, 652, 653, 672, 671
464, 653, 654, 673, 672
465, 654, 655, 674, 673
466, 655, 656, 675, 674
467, 656, 657, 676, 675
468, 657, 658, 677, 676
469, 658, 659, 678, 677
470, 659, 660, 679, 678
471, 660, 661, 680, 679
472, 661, 662, 681, 680
473, 662, 663, 682, 681
474, 663, 664, 683, 682
475, 664, 665, 684, 683
476, 665, 666, 685, 684
477, 666, 667, 686, 685
478, 667, 668, 687, 686
479, 668, 669, 688, 687
480, 669, 103, 104, 688
481,  36, 670, 689,  37
482, 670, 671, 690, 689
483, 671, 672, 691, 690
484, 672, 673, 692, 691
485, 673, 674, 693, 692
486, 674, 675, 694, 693
487, 675, 676, 695, 694
488, 676, 677, 696, 695
489, 677, 678, 697, 696
490, 678, 679, 698, 697
491, 679, 680, 699, 698
492, 680, 681, 700, 699
493, 681, 682, 701, 700
494, 682, 683, 702, 701
495, 683, 684, 703, 702
496, 684, 685, 704, 703
497, 685, 686, 705, 704
498, 686, 687, 706, 705
499, 687, 688, 707, 706
500, 688, 104, 105, 707
501,  37, 689, 708,  38
502, 689, 690, 709, 708
503, 690, 691, 710, 709
504, 691, 692, 711, 710
505, 692, 693, 712, 711
506, 693, 694, 713, 712
507, 694, 695, 714, 713
508, 695, 696, 715, 714
509, 696, 697, 716, 715
510, 697, 698, 717, 716
511, 698, 699, 718, 717
512, 699, 700, 719, 718
513, 700, 701, 720, 719
514, 701, 702, 721, 720
515, 702, 703, 722, 721
516, 703, 704, 723, 722
517, 704, 705, 724, 723
518, 705, 706, 725, 724
519, 706, 707, 726, 725
520, 707, 105, 106, 726
521,  38, 708, 727,  39
522, 708, 709, 728, 727
523, 709, 710, 729, 728
524, 710, 711, 730, 729
525, 711, 712, 731, 730
526, 712, 713, 732, 731
527, 713, 714, 733, 732
528, 714, 715, 734, 733
529, 715, 716, 735, 734
530, 716, 717, 736, 735
531, 717, 718, 737, 736
532, 718, 719, 738, 737
533, 719, 720, 739, 738
534, 720, 721, 740, 739
535, 721, 722, 741, 740
536, 722, 723, 742, 741
537, 723, 724, 743, 742
538, 724, 725, 744, 743
539, 725, 726, 745, 744
540, 726, 106, 107, 745
541,  39, 727, 746,  40
542, 727, 728, 747, 746
543, 728, 729, 748, 747
544, 729, 730, 749, 748
545, 730, 731, 750, 749
546, 731, 732, 751, 750
547, 732, 733, 752, 751
548, 733, 734, 753, 752
549, 734, 735, 754, 753
550, 735, 736, 755, 754
551, 736, 737, 756, 755
552, 737, 738, 757, 756
553, 738, 739, 758, 757
554, 739, 740, 759, 758
555, 740, 741, 760, 759
556, 741, 742, 761, 760
557, 742, 743, 762, 761
558, 743, 744, 763, 762
559, 744, 745, 764, 763
560, 745, 107, 108, 764
561,  40, 746, 765,  41
562, 746, 747, 766, 765
563, 747, 748, 767, 766
564, 748, 749, 768, 767
565, 749, 750, 769, 768
566, 750, 751, 770, 769
567, 751, 752, 771, 770
568, 752, 753, 772, 771
569, 753, 754, 773, 772
570, 754, 755, 774, 773
571, 755, 756, 775, 774
572, 756, 757, 776, 775
573, 757, 758, 777, 776
574, 758, 759, 778, 777
575, 759, 760, 779, 778
576, 760, 761, 780, 779
577, 761, 762, 781, 780
578, 762, 763, 782, 781
579, 763, 764, 783, 782
580, 764, 108, 109, 783
581,  41, 765, 784,  42
582, 765, 766, 785, 784
583, 766, 767, 786, 785
584, 767, 768, 787, 786
585, 768, 769, 788, 787
586, 769, 770, 789, 788
587, 770, 771, 790, 789
588, 771, 772, 791, 790
589, 772, 773, 792, 791
590, 773, 774, 793, 792
591, 774, 775, 794, 793
592, 775, 776, 795, 794
593, 776, 777, 796, 795
594, 777, 778, 797, 796
595, 778, 779, 798, 797
596, 779, 780, 799, 798
597, 780, 781, 800, 799
598, 781, 782, 801, 800
599, 782, 783, 802, 801
600, 783, 109, 110, 802
601,  42, 784, 803,  43
602, 784, 785, 804, 803
603, 785, 786, 805, 804
604, 786, 787, 806, 805
605, 787, 788, 807, 806
606, 788, 789, 808, 807
607, 789, 790, 809, 808
608, 790, 791, 810, 809
609, 791, 792, 811, 810
610, 792, 793, 812, 811
611, 793, 794, 813, 812
612, 794, 795, 814, 813
613, 795, 796, 815, 814
614, 796, 797, 816, 815
615, 797, 798, 817, 816
616, 798, 799, 818, 817
617, 799, 800, 819, 818
618, 800, 801, 820, 819
619, 801, 802, 821, 820
620, 802, 110, 111, 821
621,  43, 803, 130,   3
622, 803, 804, 129, 130
623, 804, 805, 128, 129
624, 805, 806, 127, 128
625, 806, 807, 126, 127
626, 807, 808, 125, 126
627, 808, 809, 124, 125
628, 809, 810, 123, 124
629, 810, 811, 122, 123
630, 811, 812, 121, 122
631, 812, 813, 120, 121
632, 813, 814, 119, 120
633, 814, 815, 118, 119
634, 815, 816, 117, 118
635, 816, 817, 116, 117
636, 817, 818, 115, 116
637, 818, 819, 114, 115
638, 819, 820, 113, 114
639, 820, 821, 112, 113
640, 821, 111,   6, 112
 641,    5,   92,  822,  187
 642,   92,   91,  823,  822
 643,   91,   90,  824,  823
 644,   90,   89,  825,  824
 645,   89,   88,  826,  825
 646,   88,   87,  827,  826
 647,   87,   86,  828,  827
 648,   86,   85,  829,  828
 649,   85,   84,  830,  829
 650,   84,   83,  831,  830
 651,   83,   82,  832,  831
 652,   82,   81,  833,  832
 653,   81,   80,  834,  833
 654,   80,   79,  835,  834
 655,   79,   78,  836,  835
 656,   78,   77,  837,  836
 657,   77,   76,  838,  837
 658,   76,   75,  839,  838
 659,   75,   74,  840,  839
 660,   74,    2,  131,  840
 661,  187,  822,  841,  186
 662,  822,  823,  842,  841
 663,  823,  824,  843,  842
 664,  824,  825,  844,  843
 665,  825,  826,  845,  844
 666,  826,  827,  846,  845
 667,  827,  828,  847,  846
 668,  828,  829,  848,  847
 669,  829,  830,  849,  848
 670,  830,  831,  850,  849
 671,  831,  832,  851,  850
 672,  832,  833,  852,  851
 673,  833,  834,  853,  852
 674,  834,  835,  854,  853
 675,  835,  836,  855,  854
 676,  836,  837,  856,  855
 677,  837,  838,  857,  856
 678,  838,  839,  858,  857
 679,  839,  840,  859,  858
 680,  840,  131,  132,  859
 681,  186,  841,  860,  185
 682,  841,  842,  861,  860
 683,  842,  843,  862,  861
 684,  843,  844,  863,  862
 685,  844,  845,  864,  863
 686,  845,  846,  865,  864
 687,  846,  847,  866,  865
 688,  847,  848,  867,  866
 689,  848,  849,  868,  867
 690,  849,  850,  869,  868
 691,  850,  851,  870,  869
 692,  851,  852,  871,  870
 693,  852,  853,  872,  871
 694,  853,  854,  873,  872
 695,  854,  855,  874,  873
 696,  855,  856,  875,  874
 697,  856,  857,  876,  875
 698,  857,  858,  877,  876
 699,  858,  859,  878,  877
 700,  859,  132,  133,  878
 701,  185,  860,  879,  184
 702,  860,  861,  880,  879
 703,  861,  862,  881,  880
 704,  862,  863,  882,  881
 705,  863,  864,  883,  882
 706,  864,  865,  884,  883
 707,  865,  866,  885,  884
 708,  866,  867,  886,  885
 709,  867,  868,  887,  886
 710,  868,  869,  888,  887
 711,  869,  870,  889,  888
 712,  870,  871,  890,  889
 713,  871,  872,  891,  890
 714,  872,  873,  892,  891
 715,  873,  874,  893,  892
 716,  874,  875,  894,  893
 717,  875,  876,  895,  894
 718,  876,  877,  896,  895
 719,  877,  878,  897,  896
 720,  878,  133,  134,  897
 721,  184,  879,  898,  183
 722,  879,  880,  899,  898
 723,  880,  881,  900,  899
 724,  881,  882,  901,  900
 725,  882,  883,  902,  901
 726,  883,  884,  903,  902
 727,  884,  885,  904,  903
 728,  885,  886,  905,  904
 729,  886,  887,  906,  905
 730,  887,  888,  907,  906
 731,  888,  889,  908,  907
 732,  889,  890,  909,  908
 733,  890,  891,  910,  909
 734,  891,  892,  911,  910
 735,  892,  893,  912,  911
 736,  893,  894,  913,  912
 737,  894,  895,  914,  913
 738,  895,  896,  915,  914
 739,  896,  897,  916,  915
 740,  897,  134,  135,  916
 741,  183,  898,  917,  182
 742,  898,  899,  918,  917
 743,  899,  900,  919,  918
 744,  900,  901,  920,  919
 745,  901,  902,  921,  920
 746,  902,  903,  922,  921
 747,  903,  904,  923,  922
 748,  904,  905,  924,  923
 749,  905,  906,  925,  924
 750,  906,  907,  926,  925
 751,  907,  908,  927,  926
 752,  908,  909,  928,  927
 753,  909,  910,  929,  928
 754,  910,  911,  930,  929
 755,  911,  912,  931,  930
 756,  912,  913,  932,  931
 757,  913,  914,  933,  932
 758,  914,  915,  934,  933
 759,  915,  916,  935,  934
 760,  916,  135,  136,  935
 761,  182,  917,  936,  181
 762,  917,  918,  937,  936
 763,  918,  919,  938,  937
 764,  919,  920,  939,  938
 765,  920,  921,  940,  939
 766,  921,  922,  941,  940
 767,  922,  923,  942,  941
 768,  923,  924,  943,  942
 769,  924,  925,  944,  943
 770,  925,  926,  945,  944
 771,  926,  927,  946,  945
 772,  927,  928,  947,  946
 773,  928,  929,  948,  947
 774,  929,  930,  949,  948
 775,  930,  931,  950,  949
 776,  931,  932,  951,  950
 777,  932,  933,  952,  951
 778,  933,  934,  953,  952
 779,  934,  935,  954,  953
 780,  935,  136,  137,  954
 781,  181,  936,  955,  180
 782,  936,  937,  956,  955
 783,  937,  938,  957,  956
 784,  938,  939,  958,  957
 785,  939,  940,  959,  958
 786,  940,  941,  960,  959
 787,  941,  942,  961,  960
 788,  942,  943,  962,  961
 789,  943,  944,  963,  962
 790,  944,  945,  964,  963
 791,  945,  946,  965,  964
 792,  946,  947,  966,  965
 793,  947,  948,  967,  966
 794,  948,  949,  968,  967
 795,  949,  950,  969,  968
 796,  950,  951,  970,  969
 797,  951,  952,  971,  970
 798,  952,  953,  972,  971
 799,  953,  954,  973,  972
 800,  954,  137,  138,  973
 801,  180,  955,  974,  179
 802,  955,  956,  975,  974
 803,  956,  957,  976,  975
 804,  957,  958,  977,  976
 805,  958,  959,  978,  977
 806,  959,  960,  979,  978
 807,  960,  961,  980,  979
 808,  961,  962,  981,  980
 809,  962,  963,  982,  981
 810,  963,  964,  983,  982
 811,  964,  965,  984,  983
 812,  965,  966,  985,  984
 813,  966,  967,  986,  985
 814,  967,  968,  987,  986
 815,  968,  969,  988,  987
 816,  969,  970,  989,  988
 817,  970,  971,  990,  989
 818,  971,  972,  991,  990
 819,  972,  973,  992,  991
 820,  973,  138,  139,  992
 821,  179,  974,  993,  178
 822,  974,  975,  994,  993
 823,  975,  976,  995,  994
 824,  976,  977,  996,  995
 825,  977,  978,  997,  996
 826,  978,  979,  998,  997
 827,  979,  980,  999,  998
 828,  980,  981, 1000,  999
 829,  981,  982, 1001, 1000
 830,  982,  983, 1002, 1001
 831,  983,  984, 1003, 1002
 832,  984,  985, 1004, 1003
 833,  985,  986, 1005, 1004
 834,  986,  987, 1006, 1005
 835,  987,  988, 1007, 1006
 836,  988,  989, 1008, 1007
 837,  989,  990, 1009, 1008
 838,  990,  991, 1010, 1009
 839,  991,  992, 1011, 1010
 840,  992,  139,  140, 1011
 841,  178,  993, 1012,  177
 842,  993,  994, 1013, 1012
 843,  994,  995, 1014, 1013
 844,  995,  996, 1015, 1014
 845,  996,  997, 1016, 1015
 846,  997,  998, 1017, 1016
 847,  998,  999, 1018, 1017
 848,  999, 1000, 1019, 1018
 849, 1000, 1001, 1020, 1019
 850, 1001, 1002, 1021, 1020
 851, 1002, 1003, 1022, 1021
 852, 1003, 1004, 1023, 1022
 853, 1004, 1005, 1024, 1023
 854, 1005, 1006, 1025, 1024
 855, 1006, 1007, 1026, 1025
 856, 1007, 1008, 1027, 1026
 857, 1008, 1009, 1028, 1027
 858, 1009, 1010, 1029, 1028
 859, 1010, 1011, 1030, 1029
 860, 1011,  140,  141, 1030
 861,  177, 1012, 1031,  176
 862, 1012, 1013, 1032, 1031
 863, 1013, 1014, 1033, 1032
 864, 1014, 1015, 1034, 1033
 865, 1015, 1016, 1035, 1034
 866, 1016, 1017, 1036, 1035
 867, 1017, 1018, 1037, 1036
 868, 1018, 1019, 1038, 1037
 869, 1019, 1020, 1039, 1038
 870, 1020, 1021, 1040, 1039
 871, 1021, 1022, 1041, 1040
 872, 1022, 1023, 1042, 1041
 873, 1023, 1024, 1043, 1042
 874, 1024, 1025, 1044, 1043
 875, 1025, 1026, 1045, 1044
 876, 1026, 1027, 1046, 1045
 877, 1027, 1028, 1047, 1046
 878, 1028, 1029, 1048, 1047
 879, 1029, 1030, 1049, 1048
 880, 1030,  141,  142, 1049
 881,  176, 1031, 1050,  175
 882, 1031, 1032, 1051, 1050
 883, 1032, 1033, 1052, 1051
 884, 1033, 1034, 1053, 1052
 885, 1034, 1035, 1054, 1053
 886, 1035, 1036, 1055, 1054
 887, 1036, 1037, 1056, 1055
 888, 1037, 1038, 1057, 1056
 889, 1038, 1039, 1058, 1057
 890, 1039, 1040, 1059, 1058
 891, 1040, 1041, 1060, 1059
 892, 1041, 1042, 1061, 1060
 893, 1042, 1043, 1062, 1061
 894, 1043, 1044, 1063, 1062
 895, 1044, 1045, 1064, 1063
 896, 1045, 1046, 1065, 1064
 897, 1046, 1047, 1066, 1065
 898, 1047, 1048, 1067, 1066
 899, 1048, 1049, 1068, 1067
 900, 1049,  142,  143, 1068
 901,  175, 1050, 1069,  174
 902, 1050, 1051, 1070, 1069
 903, 1051, 1052, 1071, 1070
 904, 1052, 1053, 1072, 1071
 905, 1053, 1054, 1073, 1072
 906, 1054, 1055, 1074, 1073
 907, 1055, 1056, 1075, 1074
 908, 1056, 1057, 1076, 1075
 909, 1057, 1058, 1077, 1076
 910, 1058, 1059, 1078, 1077
 911, 1059, 1060, 1079, 1078
 912, 1060, 1061, 1080, 1079
 913, 1061, 1062, 1081, 1080
 914, 1062, 1063, 1082, 1081
 915, 1063, 1064, 1083, 1082
 916, 1064, 1065, 1084, 1083
 917, 1065, 1066, 1085, 1084
 918, 1066, 1067, 1086, 1085
 919, 1067, 1068, 1087, 1086
 920, 1068,  143,  144, 1087
 921,  174, 1069, 1088,  173
 922, 1069, 1070, 1089, 1088
 923, 1070, 1071, 1090, 1089
 924, 1071, 1072, 1091, 1090
 925, 1072, 1073, 1092, 1091
 926, 1073, 1074, 1093, 1092
 927, 1074, 1075, 1094, 1093
 928, 1075, 1076, 1095, 1094
 929, 1076, 1077, 1096, 1095
 930, 1077, 1078, 1097, 1096
 931, 1078, 1079, 1098, 1097
 932, 1079, 1080, 1099, 1098
 933, 1080, 1081, 1100, 1099
 934, 1081, 1082, 1101, 1100
 935, 1082, 1083, 1102, 1101
 936, 1083, 1084, 1103, 1102
 937, 1084, 1085, 1104, 1103
 938, 1085, 1086, 1105, 1104
 939, 1086, 1087, 1106, 1105
 940, 1087,  144,  145, 1106
 941,  173, 1088, 1107,  172
 942, 1088, 1089, 1108, 1107
 943, 1089, 1090, 1109, 1108
 944, 1090, 1091, 1110, 1109
 945, 1091, 1092, 1111, 1110
 946, 1092, 1093, 1112, 1111
 947, 1093, 1094, 1113, 1112
 948, 1094, 1095, 1114, 1113
 949, 1095, 1096, 1115, 1114
 950, 1096, 1097, 1116, 1115
 951, 1097, 1098, 1117, 1116
 952, 1098, 1099, 1118, 1117
 953, 1099, 1100, 1119, 1118
 954, 1100, 1101, 1120, 1119
 955, 1101, 1102, 1121, 1120
 956, 1102, 1103, 1122, 1121
 957, 1103, 1104, 1123, 1122
 958, 1104, 1105, 1124, 1123
 959, 1105, 1106, 1125, 1124
 960, 1106,  145,  146, 1125
 961,  172, 1107, 1126,  171
 962, 1107, 1108, 1127, 1126
 963, 1108, 1109, 1128, 1127
 964, 1109, 1110, 1129, 1128
 965, 1110, 1111, 1130, 1129
 966, 1111, 1112, 1131, 1130
 967, 1112, 1113, 1132, 1131
 968, 1113, 1114, 1133, 1132
 969, 1114, 1115, 1134, 1133
 970, 1115, 1116, 1135, 1134
 971, 1116, 1117, 1136, 1135
 972, 1117, 1118, 1137, 1136
 973, 1118, 1119, 1138, 1137
 974, 1119, 1120, 1139, 1138
 975, 1120, 1121, 1140, 1139
 976, 1121, 1122, 1141, 1140
 977, 1122, 1123, 1142, 1141
 978, 1123, 1124, 1143, 1142
 979, 1124, 1125, 1144, 1143
 980, 1125,  146,  147, 1144
 981,  171, 1126, 1145,  170
 982, 1126, 1127, 1146, 1145
 983, 1127, 1128, 1147, 1146
 984, 1128, 1129, 1148, 1147
 985, 1129, 1130, 1149, 1148
 986, 1130, 1131, 1150, 1149
 987, 1131, 1132, 1151, 1150
 988, 1132, 1133, 1152, 1151
 989, 1133, 1134, 1153, 1152
 990, 1134, 1135, 1154, 1153
 991, 1135, 1136, 1155, 1154
 992, 1136, 1137, 1156, 1155
 993, 1137, 1138, 1157, 1156
 994, 1138, 1139, 1158, 1157
 995, 1139, 1140, 1159, 1158
 996, 1140, 1141, 1160, 1159
 997, 1141, 1142, 1161, 1160
 998, 1142, 1143, 1162, 1161
 999, 1143, 1144, 1163, 1162
1000, 1144,  147,  148, 1163
1001,  170, 1145, 1164,  169
1002, 1145, 1146, 1165, 1164
1003, 1146, 1147, 1166, 1165
1004, 1147, 1148, 1167, 1166
1005, 1148, 1149, 1168, 1167
1006, 1149, 1150, 1169, 1168
1007, 1150, 1151, 1170, 1169
1008, 1151, 1152, 1171, 1170
1009, 1152, 1153, 1172, 1171
1010, 1153, 1154, 1173, 1172
1011, 1154, 1155, 1174, 1173
1012, 1155, 1156, 1175, 1174
1013, 1156, 1157, 1176, 1175
1014, 1157, 1158, 1177, 1176
1015, 1158, 1159, 1178, 1177
1016, 1159, 1160, 1179, 1178
1017, 1160, 1161, 1180, 1179
1018, 1161, 1162, 1181, 1180
1019, 1162, 1163, 1182, 1181
1020, 1163,  148,  149, 1182
1021,  169, 1164,  168,    8
1022, 1164, 1165,  167,  168
1023, 1165, 1166,  166,  167
1024, 1166, 1167,  165,  166
1025, 1167, 1168,  164,  165
1026, 1168, 1169,  163,  164
1027, 1169, 1170,  162,  163
1028, 1170, 1171,  161,  162
1029, 1171, 1172,  160,  161
1030, 1172, 1173,  159,  160
1031, 1173, 1174,  158,  159
1032, 1174, 1175,  157,  158
1033, 1175, 1176,  156,  157
1034, 1176, 1177,  155,  156
1035, 1177, 1178,  154,  155
1036, 1178, 1179,  153,  154
1037, 1179, 1180,  152,  153
1038, 1180, 1181,  151,  152
1039, 1181, 1182,  150,  151
1040, 1182,  149,    7,  150
1041,    7,  188, 1183,  215
1042,  188,  189, 1184, 1183
1043,  189,  190, 1185, 1184
1044,  190,  191, 1186, 1185
1045,  191,  192, 1187, 1186
1046,  192,  193, 1188, 1187
1047,  193,  194, 1189, 1188
1048,  194,  195, 1190, 1189
1049,  195,  196, 1191, 1190
1050,  196,  197, 1192, 1191
1051,  197,  198, 1193, 1192
1052,  198,    9,  199, 1193
1053,  215, 1183, 1194,  214
1054, 1183, 1184, 1195, 1194
1055, 1184, 1185, 1196, 1195
1056, 1185, 1186, 1197, 1196
1057, 1186, 1187, 1198, 1197
1058, 1187, 1188, 1199, 1198
1059, 1188, 1189, 1200, 1199
1060, 1189, 1190, 1201, 1200
1061, 1190, 1191, 1202, 1201
1062, 1191, 1192, 1203, 1202
1063, 1192, 1193, 1204, 1203
1064, 1193,  199,  200, 1204
1065,  214, 1194, 1205,  213
1066, 1194, 1195, 1206, 1205
1067, 1195, 1196, 1207, 1206
1068, 1196, 1197, 1208, 1207
1069, 1197, 1198, 1209, 1208
1070, 1198, 1199, 1210, 1209
1071, 1199, 1200, 1211, 1210
1072, 1200, 1201, 1212, 1211
1073, 1201, 1202, 1213, 1212
1074, 1202, 1203, 1214, 1213
1075, 1203, 1204, 1215, 1214
1076, 1204,  200,  201, 1215
1077,  213, 1205,  212,   11
1078, 1205, 1206,  211,  212
1079, 1206, 1207,  210,  211
1080, 1207, 1208,  209,  210
1081, 1208, 1209,  208,  209
1082, 1209, 1210,  207,  208
1083, 1210, 1211,  206,  207
1084, 1211, 1212,  205,  206
1085, 1212, 1213,  204,  205
1086, 1213, 1214,  203,  204
1087, 1214, 1215,  202,  203
1088, 1215,  201,   10,  202
1089,    4,   54, 1216,  232
1090,   54,   53, 1217, 1216
1091,   53,   52, 1218, 1217
1092,   52,   51, 1219, 1218
1093,   51,   50, 1220, 1219
1094,   50,   49, 1221, 1220
1095,   49,   48, 1222, 1221
1096,   48,   47, 1223, 1222
1097,   47,   46, 1224, 1223
1098,   46,   45, 1225, 1224
1099,   45,   44, 1226, 1225
1100,   44,    3,  216, 1226
1101,  232, 1216, 1227,  231
1102, 1216, 1217, 1228, 1227
1103, 1217, 1218, 1229, 1228
1104, 1218, 1219, 1230, 1229
1105, 1219, 1220, 1231, 1230
1106, 1220, 1221, 1232, 1231
1107, 1221, 1222, 1233, 1232
1108, 1222, 1223, 1234, 1233
1109, 1223, 1224, 1235, 1234
1110, 1224, 1225, 1236, 1235
1111, 1225, 1226, 1237, 1236
1112, 1226,  216,  217, 1237
1113,  231, 1227, 1238,  230
1114, 1227, 1228, 1239, 1238
1115, 1228, 1229, 1240, 1239
1116, 1229, 1230, 1241, 1240
1117, 1230, 1231, 1242, 1241
1118, 1231, 1232, 1243, 1242
1119, 1232, 1233, 1244, 1243
1120, 1233, 1234, 1245, 1244
1121, 1234, 1235, 1246, 1245
1122, 1235, 1236, 1247, 1246
1123, 1236, 1237, 1248, 1247
1124, 1237,  217,  218, 1248
1125,  230, 1238,  229,   13
1126, 1238, 1239,  228,  229
1127, 1239, 1240,  227,  228
1128, 1240, 1241,  226,  227
1129, 1241, 1242,  225,  226
1130, 1242, 1243,  224,  225
1131, 1243, 1244,  223,  224
1132, 1244, 1245,  222,  223
1133, 1245, 1246,  221,  222
1134, 1246, 1247,  220,  221
1135, 1247, 1248,  219,  220
1136, 1248,  218,   12,  219
1137,    2,   24, 1249,  131
1138,   24,   23, 1250, 1249
1139,   23,   22, 1251, 1250
1140,   22,   21, 1252, 1251
1141,   21,   20, 1253, 1252
1142,   20,   19, 1254, 1253
1143,   19,   18, 1255, 1254
1144,   18,   17, 1256, 1255
1145,   17,   16, 1257, 1256
1146,   16,   15, 1258, 1257
1147,   15,   14, 1259, 1258
1148,   14,    1,  233, 1259
1149,  131, 1249, 1260,  132
1150, 1249, 1250, 1261, 1260
1151, 1250, 1251, 1262, 1261
1152, 1251, 1252, 1263, 1262
1153, 1252, 1253, 1264, 1263
1154, 1253, 1254, 1265, 1264
1155, 1254, 1255, 1266, 1265
1156, 1255, 1256, 1267, 1266
1157, 1256, 1257, 1268, 1267
1158, 1257, 1258, 1269, 1268
1159, 1258, 1259, 1270, 1269
1160, 1259,  233,  234, 1270
1161,  132, 1260, 1271,  133
1162, 1260, 1261, 1272, 1271
1163, 1261, 1262, 1273, 1272
1164, 1262, 1263, 1274, 1273
1165, 1263, 1264, 1275, 1274
1166, 1264, 1265, 1276, 1275
1167, 1265, 1266, 1277, 1276
1168, 1266, 1267, 1278, 1277
1169, 1267, 1268, 1279, 1278
1170, 1268, 1269, 1280, 1279
1171, 1269, 1270, 1281, 1280
1172, 1270,  234,  235, 1281
1173,  133, 1271, 1282,  134
1174, 1271, 1272, 1283, 1282
1175, 1272, 1273, 1284, 1283
1176, 1273, 1274, 1285, 1284
1177, 1274, 1275, 1286, 1285
1178, 1275, 1276, 1287, 1286
1179, 1276, 1277, 1288, 1287
1180, 1277, 1278, 1289, 1288
1181, 1278, 1279, 1290, 1289
1182, 1279, 1280, 1291, 1290
1183, 1280, 1281, 1292, 1291
1184, 1281,  235,  236, 1292
1185,  134, 1282, 1293,  135
1186, 1282, 1283, 1294, 1293
1187, 1283, 1284, 1295, 1294
1188, 1284, 1285, 1296, 1295
1189, 1285, 1286, 1297, 1296
1190, 1286, 1287, 1298, 1297
1191, 1287, 1288, 1299, 1298
1192, 1288, 1289, 1300, 1299
1193, 1289, 1290, 1301, 1300
1194, 1290, 1291, 1302, 1301
1195, 1291, 1292, 1303, 1302
1196, 1292,  236,  237, 1303
1197,  135, 1293, 1304,  136
1198, 1293, 1294, 1305, 1304
1199, 1294, 1295, 1306, 1305
1200, 1295, 1296, 1307, 1306
1201, 1296, 1297, 1308, 1307
1202, 1297, 1298, 1309, 1308
1203, 1298, 1299, 1310, 1309
1204, 1299, 1300, 1311, 1310
1205, 1300, 1301, 1312, 1311
1206, 1301, 1302, 1313, 1312
1207, 1302, 1303, 1314, 1313
1208, 1303,  237,  238, 1314
1209,  136, 1304, 1315,  137
1210, 1304, 1305, 1316, 1315
1211, 1305, 1306, 1317, 1316
1212, 1306, 1307, 1318, 1317
1213, 1307, 1308, 1319, 1318
1214, 1308, 1309, 1320, 1319
1215, 1309, 1310, 1321, 1320
1216, 1310, 1311, 1322, 1321
1217, 1311, 1312, 1323, 1322
1218, 1312, 1313, 1324, 1323
1219, 1313, 1314, 1325, 1324
1220, 1314,  238,  239, 1325
1221,  137, 1315, 1326,  138
1222, 1315, 1316, 1327, 1326
1223, 1316, 1317, 1328, 1327
1224, 1317, 1318, 1329, 1328
1225, 1318, 1319, 1330, 1329
1226, 1319, 1320, 1331, 1330
1227, 1320, 1321, 1332, 1331
1228, 1321, 1322, 1333, 1332
1229, 1322, 1323, 1334, 1333
1230, 1323, 1324, 1335, 1334
1231, 1324, 1325, 1336, 1335
1232, 1325,  239,  240, 1336
1233,  138, 1326, 1337,  139
1234, 1326, 1327, 1338, 1337
1235, 1327, 1328, 1339, 1338
1236, 1328, 1329, 1340, 1339
1237, 1329, 1330, 1341, 1340
1238, 1330, 1331, 1342, 1341
1239, 1331, 1332, 1343, 1342
1240, 1332, 1333, 1344, 1343
1241, 1333, 1334, 1345, 1344
1242, 1334, 1335, 1346, 1345
1243, 1335, 1336, 1347, 1346
1244, 1336,  240,  241, 1347
1245,  139, 1337, 1348,  140
1246, 1337, 1338, 1349, 1348
1247, 1338, 1339, 1350, 1349
1248, 1339, 1340, 1351, 1350
1249, 1340, 1341, 1352, 1351
1250, 1341, 1342, 1353, 1352
1251, 1342, 1343, 1354, 1353
1252, 1343, 1344, 1355, 1354
1253, 1344, 1345, 1356, 1355
1254, 1345, 1346, 1357, 1356
1255, 1346, 1347, 1358, 1357
1256, 1347,  241,  242, 1358
1257,  140, 1348, 1359,  141
1258, 1348, 1349, 1360, 1359
1259, 1349, 1350, 1361, 1360
1260, 1350, 1351, 1362, 1361
1261, 1351, 1352, 1363, 1362
1262, 1352, 1353, 1364, 1363
1263, 1353, 1354, 1365, 1364
1264, 1354, 1355, 1366, 1365
1265, 1355, 1356, 1367, 1366
1266, 1356, 1357, 1368, 1367
1267, 1357, 1358, 1369, 1368
1268, 1358,  242,  243, 1369
1269,  141, 1359, 1370,  142
1270, 1359, 1360, 1371, 1370
1271, 1360, 1361, 1372, 1371
1272, 1361, 1362, 1373, 1372
1273, 1362, 1363, 1374, 1373
1274, 1363, 1364, 1375, 1374
1275, 1364, 1365, 1376, 1375
1276, 1365, 1366, 1377, 1376
1277, 1366, 1367, 1378, 1377
1278, 1367, 1368, 1379, 1378
1279, 1368, 1369, 1380, 1379
1280, 1369,  243,  244, 1380
1281,  142, 1370, 1381,  143
1282, 1370, 1371, 1382, 1381
1283, 1371, 1372, 1383, 1382
1284, 1372, 1373, 1384, 1383
1285, 1373, 1374, 1385, 1384
1286, 1374, 1375, 1386, 1385
1287, 1375, 1376, 1387, 1386
1288, 1376, 1377, 1388, 1387
1289, 1377, 1378, 1389, 1388
1290, 1378, 1379, 1390, 1389
1291, 1379, 1380, 1391, 1390
1292, 1380,  244,  245, 1391
1293,  143, 1381, 1392,  144
1294, 1381, 1382, 1393, 1392
1295, 1382, 1383, 1394, 1393
1296, 1383, 1384, 1395, 1394
1297, 1384, 1385, 1396, 1395
1298, 1385, 1386, 1397, 1396
1299, 1386, 1387, 1398, 1397
1300, 1387, 1388, 1399, 1398
1301, 1388, 1389, 1400, 1399
1302, 1389, 1390, 1401, 1400
1303, 1390, 1391, 1402, 1401
1304, 1391,  245,  246, 1402
1305,  144, 1392, 1403,  145
1306, 1392, 1393, 1404, 1403
1307, 1393, 1394, 1405, 1404
1308, 1394, 1395, 1406, 1405
1309, 1395, 1396, 1407, 1406
1310, 1396, 1397, 1408, 1407
1311, 1397, 1398, 1409, 1408
1312, 1398, 1399, 1410, 1409
1313, 1399, 1400, 1411, 1410
1314, 1400, 1401, 1412, 1411
1315, 1401, 1402, 1413, 1412
1316, 1402,  246,  247, 1413
1317,  145, 1403, 1414,  146
1318, 1403, 1404, 1415, 1414
1319, 1404, 1405, 1416, 1415
1320, 1405, 1406, 1417, 1416
1321, 1406, 1407, 1418, 1417
1322, 1407, 1408, 1419, 1418
1323, 1408, 1409, 1420, 1419
1324, 1409, 1410, 1421, 1420
1325, 1410, 1411, 1422, 1421
1326, 1411, 1412, 1423, 1422
1327, 1412, 1413, 1424, 1423
1328, 1413,  247,  248, 1424
1329,  146, 1414, 1425,  147
1330, 1414, 1415, 1426, 1425
1331, 1415, 1416, 1427, 1426
1332, 1416, 1417, 1428, 1427
1333, 1417, 1418, 1429, 1428
1334, 1418, 1419, 1430, 1429
1335, 1419, 1420, 1431, 1430
1336, 1420, 1421, 1432, 1431
1337, 1421, 1422, 1433, 1432
1338, 1422, 1423, 1434, 1433
1339, 1423, 1424, 1435, 1434
1340, 1424,  248,  249, 1435
1341,  147, 1425, 1436,  148
1342, 1425, 1426, 1437, 1436
1343, 1426, 1427, 1438, 1437
1344, 1427, 1428, 1439, 1438
1345, 1428, 1429, 1440, 1439
1346, 1429, 1430, 1441, 1440
1347, 1430, 1431, 1442, 1441
1348, 1431, 1432, 1443, 1442
1349, 1432, 1433, 1444, 1443
1350, 1433, 1434, 1445, 1444
1351, 1434, 1435, 1446, 1445
1352, 1435,  249,  250, 1446
1353,  148, 1436, 1447,  149
1354, 1436, 1437, 1448, 1447
1355, 1437, 1438, 1449, 1448
1356, 1438, 1439, 1450, 1449
1357, 1439, 1440, 1451, 1450
1358, 1440, 1441, 1452, 1451
1359, 1441, 1442, 1453, 1452
1360, 1442, 1443, 1454, 1453
1361, 1443, 1444, 1455, 1454
1362, 1444, 1445, 1456, 1455
1363, 1445, 1446, 1457, 1456
1364, 1446,  250,  251, 1457
1365,  149, 1447,  188,    7
1366, 1447, 1448,  189,  188
1367, 1448, 1449,  190,  189
1368, 1449, 1450,  191,  190
1369, 1450, 1451,  192,  191
1370, 1451, 1452,  193,  192
1371, 1452, 1453,  194,  193
1372, 1453, 1454,  195,  194
1373, 1454, 1455,  196,  195
1374, 1455, 1456,  197,  196
1375, 1456, 1457,  198,  197
1376, 1457,  251,    9,  198
