    1 ,  4.55000e+01 ,  0.00000e+00
    2 ,  4.55000e+01 ,  1.00000e+01
    3 ,  3.75000e+01 ,  1.00000e+01
    4 ,  3.75000e+01 ,  0.00000e+00
    5 ,  4.55000e+01 ,  1.12500e+01
    6 ,  4.25000e+01 ,  1.12500e+01
    7 ,  5.35000e+01 ,  1.00000e+01
    8 ,  4.85000e+01 ,  1.12500e+01
    9 ,  5.35000e+01 ,  0.00000e+00
   10 ,  5.55000e+01 ,  0.00000e+00
   11 ,  5.55000e+01 ,  1.00000e+01
   12 ,  3.55000e+01 ,  1.00000e+01
   13 ,  3.55000e+01 ,  0.00000e+00
   14 ,  4.55000e+01 ,  1.75111e+00
   15 ,  4.55000e+01 ,  3.23901e+00
   16 ,  4.55000e+01 ,  4.50326e+00
   17 ,  4.55000e+01 ,  5.57747e+00
   18 ,  4.55000e+01 ,  6.49022e+00
   19 ,  4.55000e+01 ,  7.26577e+00
   20 ,  4.55000e+01 ,  7.92474e+00
   21 ,  4.55000e+01 ,  8.48466e+00
   22 ,  4.55000e+01 ,  8.96042e+00
   23 ,  4.55000e+01 ,  9.36467e+00
   24 ,  4.55000e+01 ,  9.70815e+00
   25 ,  4.51000e+01 ,  1.00000e+01
   26 ,  4.47000e+01 ,  1.00000e+01
   27 ,  4.43000e+01 ,  1.00000e+01
   28 ,  4.39000e+01 ,  1.00000e+01
   29 ,  4.35000e+01 ,  1.00000e+01
   30 ,  4.31000e+01 ,  1.00000e+01
   31 ,  4.27000e+01 ,  1.00000e+01
   32 ,  4.23000e+01 ,  1.00000e+01
   33 ,  4.19000e+01 ,  1.00000e+01
   34 ,  4.15000e+01 ,  1.00000e+01
   35 ,  4.11000e+01 ,  1.00000e+01
   36 ,  4.07000e+01 ,  1.00000e+01
   37 ,  4.03000e+01 ,  1.00000e+01
   38 ,  3.99000e+01 ,  1.00000e+01
   39 ,  3.95000e+01 ,  1.00000e+01
   40 ,  3.91000e+01 ,  1.00000e+01
   41 ,  3.87000e+01 ,  1.00000e+01
   42 ,  3.83000e+01 ,  1.00000e+01
   43 ,  3.79000e+01 ,  1.00000e+01
   44 ,  3.75000e+01 ,  9.70815e+00
   45 ,  3.75000e+01 ,  9.36467e+00
   46 ,  3.75000e+01 ,  8.96042e+00
   47 ,  3.75000e+01 ,  8.48466e+00
   48 ,  3.75000e+01 ,  7.92474e+00
   49 ,  3.75000e+01 ,  7.26577e+00
   50 ,  3.75000e+01 ,  6.49022e+00
   51 ,  3.75000e+01 ,  5.57747e+00
   52 ,  3.75000e+01 ,  4.50326e+00
   53 ,  3.75000e+01 ,  3.23901e+00
   54 ,  3.75000e+01 ,  1.75111e+00
   55 ,  3.79000e+01 ,  0.00000e+00
   56 ,  3.83000e+01 ,  0.00000e+00
   57 ,  3.87000e+01 ,  0.00000e+00
   58 ,  3.91000e+01 ,  0.00000e+00
   59 ,  3.95000e+01 ,  0.00000e+00
   60 ,  3.99000e+01 ,  0.00000e+00
   61 ,  4.03000e+01 ,  0.00000e+00
   62 ,  4.07000e+01 ,  0.00000e+00
   63 ,  4.11000e+01 ,  0.00000e+00
   64 ,  4.15000e+01 ,  0.00000e+00
   65 ,  4.19000e+01 ,  0.00000e+00
   66 ,  4.23000e+01 ,  0.00000e+00
   67 ,  4.27000e+01 ,  0.00000e+00
   68 ,  4.31000e+01 ,  0.00000e+00
   69 ,  4.35000e+01 ,  0.00000e+00
   70 ,  4.39000e+01 ,  0.00000e+00
   71 ,  4.43000e+01 ,  0.00000e+00
   72 ,  4.47000e+01 ,  0.00000e+00
   73 ,  4.51000e+01 ,  0.00000e+00
   74 ,  4.55000e+01 ,  1.00625e+01
   75 ,  4.55000e+01 ,  1.01250e+01
   76 ,  4.55000e+01 ,  1.01875e+01
   77 ,  4.55000e+01 ,  1.02500e+01
   78 ,  4.55000e+01 ,  1.03125e+01
   79 ,  4.55000e+01 ,  1.03750e+01
   80 ,  4.55000e+01 ,  1.04375e+01
   81 ,  4.55000e+01 ,  1.05000e+01
   82 ,  4.55000e+01 ,  1.05625e+01
   83 ,  4.55000e+01 ,  1.06250e+01
   84 ,  4.55000e+01 ,  1.06875e+01
   85 ,  4.55000e+01 ,  1.07500e+01
   86 ,  4.55000e+01 ,  1.08125e+01
   87 ,  4.55000e+01 ,  1.08750e+01
   88 ,  4.55000e+01 ,  1.09375e+01
   89 ,  4.55000e+01 ,  1.10000e+01
   90 ,  4.55000e+01 ,  1.10625e+01
   91 ,  4.55000e+01 ,  1.11250e+01
   92 ,  4.55000e+01 ,  1.11875e+01
   93 ,  4.53500e+01 ,  1.12500e+01
   94 ,  4.52000e+01 ,  1.12500e+01
   95 ,  4.50500e+01 ,  1.12500e+01
   96 ,  4.49000e+01 ,  1.12500e+01
   97 ,  4.47500e+01 ,  1.12500e+01
   98 ,  4.46000e+01 ,  1.12500e+01
   99 ,  4.44500e+01 ,  1.12500e+01
  100 ,  4.43000e+01 ,  1.12500e+01
  101 ,  4.41500e+01 ,  1.12500e+01
  102 ,  4.40000e+01 ,  1.12500e+01
  103 ,  4.38500e+01 ,  1.12500e+01
  104 ,  4.37000e+01 ,  1.12500e+01
  105 ,  4.35500e+01 ,  1.12500e+01
  106 ,  4.34000e+01 ,  1.12500e+01
  107 ,  4.32500e+01 ,  1.12500e+01
  108 ,  4.31000e+01 ,  1.12500e+01
  109 ,  4.29500e+01 ,  1.12500e+01
  110 ,  4.28000e+01 ,  1.12500e+01
  111 ,  4.26500e+01 ,  1.12500e+01
  112 ,  4.22500e+01 ,  1.11875e+01
  113 ,  4.20000e+01 ,  1.11250e+01
  114 ,  4.17500e+01 ,  1.10625e+01
  115 ,  4.15000e+01 ,  1.10000e+01
  116 ,  4.12500e+01 ,  1.09375e+01
  117 ,  4.10000e+01 ,  1.08750e+01
  118 ,  4.07500e+01 ,  1.08125e+01
  119 ,  4.05000e+01 ,  1.07500e+01
  120 ,  4.02500e+01 ,  1.06875e+01
  121 ,  4.00000e+01 ,  1.06250e+01
  122 ,  3.97500e+01 ,  1.05625e+01
  123 ,  3.95000e+01 ,  1.05000e+01
  124 ,  3.92500e+01 ,  1.04375e+01
  125 ,  3.90000e+01 ,  1.03750e+01
  126 ,  3.87500e+01 ,  1.03125e+01
  127 ,  3.85000e+01 ,  1.02500e+01
  128 ,  3.82500e+01 ,  1.01875e+01
  129 ,  3.80000e+01 ,  1.01250e+01
  130 ,  3.77500e+01 ,  1.00625e+01
  131 ,  4.59000e+01 ,  1.00000e+01
  132 ,  4.63000e+01 ,  1.00000e+01
  133 ,  4.67000e+01 ,  1.00000e+01
  134 ,  4.71000e+01 ,  1.00000e+01
  135 ,  4.75000e+01 ,  1.00000e+01
  136 ,  4.79000e+01 ,  1.00000e+01
  137 ,  4.83000e+01 ,  1.00000e+01
  138 ,  4.87000e+01 ,  1.00000e+01
  139 ,  4.91000e+01 ,  1.00000e+01
  140 ,  4.95000e+01 ,  1.00000e+01
  141 ,  4.99000e+01 ,  1.00000e+01
  142 ,  5.03000e+01 ,  1.00000e+01
  143 ,  5.07000e+01 ,  1.00000e+01
  144 ,  5.11000e+01 ,  1.00000e+01
  145 ,  5.15000e+01 ,  1.00000e+01
  146 ,  5.19000e+01 ,  1.00000e+01
  147 ,  5.23000e+01 ,  1.00000e+01
  148 ,  5.27000e+01 ,  1.00000e+01
  149 ,  5.31000e+01 ,  1.00000e+01
  150 ,  5.32500e+01 ,  1.00625e+01
  151 ,  5.30000e+01 ,  1.01250e+01
  152 ,  5.27500e+01 ,  1.01875e+01
  153 ,  5.25000e+01 ,  1.02500e+01
  154 ,  5.22500e+01 ,  1.03125e+01
  155 ,  5.20000e+01 ,  1.03750e+01
  156 ,  5.17500e+01 ,  1.04375e+01
  157 ,  5.15000e+01 ,  1.05000e+01
  158 ,  5.12500e+01 ,  1.05625e+01
  159 ,  5.10000e+01 ,  1.06250e+01
  160 ,  5.07500e+01 ,  1.06875e+01
  161 ,  5.05000e+01 ,  1.07500e+01
  162 ,  5.02500e+01 ,  1.08125e+01
  163 ,  5.00000e+01 ,  1.08750e+01
  164 ,  4.97500e+01 ,  1.09375e+01
  165 ,  4.95000e+01 ,  1.10000e+01
  166 ,  4.92500e+01 ,  1.10625e+01
  167 ,  4.90000e+01 ,  1.11250e+01
  168 ,  4.87500e+01 ,  1.11875e+01
  169 ,  4.83500e+01 ,  1.12500e+01
  170 ,  4.82000e+01 ,  1.12500e+01
  171 ,  4.80500e+01 ,  1.12500e+01
  172 ,  4.79000e+01 ,  1.12500e+01
  173 ,  4.77500e+01 ,  1.12500e+01
  174 ,  4.76000e+01 ,  1.12500e+01
  175 ,  4.74500e+01 ,  1.12500e+01
  176 ,  4.73000e+01 ,  1.12500e+01
  177 ,  4.71500e+01 ,  1.12500e+01
  178 ,  4.70000e+01 ,  1.12500e+01
  179 ,  4.68500e+01 ,  1.12500e+01
  180 ,  4.67000e+01 ,  1.12500e+01
  181 ,  4.65500e+01 ,  1.12500e+01
  182 ,  4.64000e+01 ,  1.12500e+01
  183 ,  4.62500e+01 ,  1.12500e+01
  184 ,  4.61000e+01 ,  1.12500e+01
  185 ,  4.59500e+01 ,  1.12500e+01
  186 ,  4.58000e+01 ,  1.12500e+01
  187 ,  4.56500e+01 ,  1.12500e+01
  188 ,  5.35000e+01 ,  9.70815e+00
  189 ,  5.35000e+01 ,  9.36467e+00
  190 ,  5.35000e+01 ,  8.96042e+00
  191 ,  5.35000e+01 ,  8.48466e+00
  192 ,  5.35000e+01 ,  7.92474e+00
  193 ,  5.35000e+01 ,  7.26577e+00
  194 ,  5.35000e+01 ,  6.49022e+00
  195 ,  5.35000e+01 ,  5.57747e+00
  196 ,  5.35000e+01 ,  4.50326e+00
  197 ,  5.35000e+01 ,  3.23901e+00
  198 ,  5.35000e+01 ,  1.75111e+00
  199 ,  5.40000e+01 ,  0.00000e+00
  200 ,  5.45000e+01 ,  0.00000e+00
  201 ,  5.50000e+01 ,  0.00000e+00
  202 ,  5.55000e+01 ,  1.75111e+00
  203 ,  5.55000e+01 ,  3.23901e+00
  204 ,  5.55000e+01 ,  4.50326e+00
  205 ,  5.55000e+01 ,  5.57747e+00
  206 ,  5.55000e+01 ,  6.49022e+00
  207 ,  5.55000e+01 ,  7.26577e+00
  208 ,  5.55000e+01 ,  7.92474e+00
  209 ,  5.55000e+01 ,  8.48466e+00
  210 ,  5.55000e+01 ,  8.96042e+00
  211 ,  5.55000e+01 ,  9.36467e+00
  212 ,  5.55000e+01 ,  9.70815e+00
  213 ,  5.50000e+01 ,  1.00000e+01
  214 ,  5.45000e+01 ,  1.00000e+01
  215 ,  5.40000e+01 ,  1.00000e+01
  216 ,  3.70000e+01 ,  1.00000e+01
  217 ,  3.65000e+01 ,  1.00000e+01
  218 ,  3.60000e+01 ,  1.00000e+01
  219 ,  3.55000e+01 ,  9.70815e+00
  220 ,  3.55000e+01 ,  9.36467e+00
  221 ,  3.55000e+01 ,  8.96042e+00
  222 ,  3.55000e+01 ,  8.48466e+00
  223 ,  3.55000e+01 ,  7.92474e+00
  224 ,  3.55000e+01 ,  7.26577e+00
  225 ,  3.55000e+01 ,  6.49022e+00
  226 ,  3.55000e+01 ,  5.57747e+00
  227 ,  3.55000e+01 ,  4.50326e+00
  228 ,  3.55000e+01 ,  3.23901e+00
  229 ,  3.55000e+01 ,  1.75111e+00
  230 ,  3.60000e+01 ,  0.00000e+00
  231 ,  3.65000e+01 ,  0.00000e+00
  232 ,  3.70000e+01 ,  0.00000e+00
  233 ,  4.59000e+01 ,  0.00000e+00
  234 ,  4.63000e+01 ,  0.00000e+00
  235 ,  4.67000e+01 ,  0.00000e+00
  236 ,  4.71000e+01 ,  0.00000e+00
  237 ,  4.75000e+01 ,  0.00000e+00
  238 ,  4.79000e+01 ,  0.00000e+00
  239 ,  4.83000e+01 ,  0.00000e+00
  240 ,  4.87000e+01 ,  0.00000e+00
  241 ,  4.91000e+01 ,  0.00000e+00
  242 ,  4.95000e+01 ,  0.00000e+00
  243 ,  4.99000e+01 ,  0.00000e+00
  244 ,  5.03000e+01 ,  0.00000e+00
  245 ,  5.07000e+01 ,  0.00000e+00
  246 ,  5.11000e+01 ,  0.00000e+00
  247 ,  5.15000e+01 ,  0.00000e+00
  248 ,  5.19000e+01 ,  0.00000e+00
  249 ,  5.23000e+01 ,  0.00000e+00
  250 ,  5.27000e+01 ,  0.00000e+00
  251 ,  5.31000e+01 ,  0.00000e+00
  252 ,  4.51000e+01 ,  1.75111e+00
  253 ,  4.51000e+01 ,  3.23901e+00
  254 ,  4.51000e+01 ,  4.50326e+00
  255 ,  4.51000e+01 ,  5.57747e+00
  256 ,  4.51000e+01 ,  6.49022e+00
  257 ,  4.51000e+01 ,  7.26577e+00
  258 ,  4.51000e+01 ,  7.92474e+00
  259 ,  4.51000e+01 ,  8.48466e+00
  260 ,  4.51000e+01 ,  8.96042e+00
  261 ,  4.51000e+01 ,  9.36467e+00
  262 ,  4.51000e+01 ,  9.70815e+00
  263 ,  4.47000e+01 ,  1.75111e+00
  264 ,  4.47000e+01 ,  3.23901e+00
  265 ,  4.47000e+01 ,  4.50326e+00
  266 ,  4.47000e+01 ,  5.57747e+00
  267 ,  4.47000e+01 ,  6.49022e+00
  268 ,  4.47000e+01 ,  7.26577e+00
  269 ,  4.47000e+01 ,  7.92474e+00
  270 ,  4.47000e+01 ,  8.48466e+00
  271 ,  4.47000e+01 ,  8.96042e+00
  272 ,  4.47000e+01 ,  9.36467e+00
  273 ,  4.47000e+01 ,  9.70815e+00
  274 ,  4.43000e+01 ,  1.75111e+00
  275 ,  4.43000e+01 ,  3.23901e+00
  276 ,  4.43000e+01 ,  4.50326e+00
  277 ,  4.43000e+01 ,  5.57747e+00
  278 ,  4.43000e+01 ,  6.49022e+00
  279 ,  4.43000e+01 ,  7.26577e+00
  280 ,  4.43000e+01 ,  7.92474e+00
  281 ,  4.43000e+01 ,  8.48466e+00
  282 ,  4.43000e+01 ,  8.96042e+00
  283 ,  4.43000e+01 ,  9.36467e+00
  284 ,  4.43000e+01 ,  9.70815e+00
  285 ,  4.39000e+01 ,  1.75111e+00
  286 ,  4.39000e+01 ,  3.23901e+00
  287 ,  4.39000e+01 ,  4.50326e+00
  288 ,  4.39000e+01 ,  5.57747e+00
  289 ,  4.39000e+01 ,  6.49022e+00
  290 ,  4.39000e+01 ,  7.26577e+00
  291 ,  4.39000e+01 ,  7.92474e+00
  292 ,  4.39000e+01 ,  8.48466e+00
  293 ,  4.39000e+01 ,  8.96042e+00
  294 ,  4.39000e+01 ,  9.36467e+00
  295 ,  4.39000e+01 ,  9.70815e+00
  296 ,  4.35000e+01 ,  1.75111e+00
  297 ,  4.35000e+01 ,  3.23901e+00
  298 ,  4.35000e+01 ,  4.50326e+00
  299 ,  4.35000e+01 ,  5.57747e+00
  300 ,  4.35000e+01 ,  6.49022e+00
  301 ,  4.35000e+01 ,  7.26577e+00
  302 ,  4.35000e+01 ,  7.92474e+00
  303 ,  4.35000e+01 ,  8.48466e+00
  304 ,  4.35000e+01 ,  8.96042e+00
  305 ,  4.35000e+01 ,  9.36467e+00
  306 ,  4.35000e+01 ,  9.70815e+00
  307 ,  4.31000e+01 ,  1.75111e+00
  308 ,  4.31000e+01 ,  3.23901e+00
  309 ,  4.31000e+01 ,  4.50326e+00
  310 ,  4.31000e+01 ,  5.57747e+00
  311 ,  4.31000e+01 ,  6.49022e+00
  312 ,  4.31000e+01 ,  7.26577e+00
  313 ,  4.31000e+01 ,  7.92474e+00
  314 ,  4.31000e+01 ,  8.48466e+00
  315 ,  4.31000e+01 ,  8.96042e+00
  316 ,  4.31000e+01 ,  9.36467e+00
  317 ,  4.31000e+01 ,  9.70815e+00
  318 ,  4.27000e+01 ,  1.75111e+00
  319 ,  4.27000e+01 ,  3.23901e+00
  320 ,  4.27000e+01 ,  4.50326e+00
  321 ,  4.27000e+01 ,  5.57747e+00
  322 ,  4.27000e+01 ,  6.49022e+00
  323 ,  4.27000e+01 ,  7.26577e+00
  324 ,  4.27000e+01 ,  7.92474e+00
  325 ,  4.27000e+01 ,  8.48466e+00
  326 ,  4.27000e+01 ,  8.96042e+00
  327 ,  4.27000e+01 ,  9.36467e+00
  328 ,  4.27000e+01 ,  9.70815e+00
  329 ,  4.23000e+01 ,  1.75111e+00
  330 ,  4.23000e+01 ,  3.23901e+00
  331 ,  4.23000e+01 ,  4.50326e+00
  332 ,  4.23000e+01 ,  5.57747e+00
  333 ,  4.23000e+01 ,  6.49022e+00
  334 ,  4.23000e+01 ,  7.26577e+00
  335 ,  4.23000e+01 ,  7.92474e+00
  336 ,  4.23000e+01 ,  8.48466e+00
  337 ,  4.23000e+01 ,  8.96042e+00
  338 ,  4.23000e+01 ,  9.36467e+00
  339 ,  4.23000e+01 ,  9.70815e+00
  340 ,  4.19000e+01 ,  1.75111e+00
  341 ,  4.19000e+01 ,  3.23901e+00
  342 ,  4.19000e+01 ,  4.50326e+00
  343 ,  4.19000e+01 ,  5.57747e+00
  344 ,  4.19000e+01 ,  6.49022e+00
  345 ,  4.19000e+01 ,  7.26577e+00
  346 ,  4.19000e+01 ,  7.92474e+00
  347 ,  4.19000e+01 ,  8.48466e+00
  348 ,  4.19000e+01 ,  8.96042e+00
  349 ,  4.19000e+01 ,  9.36467e+00
  350 ,  4.19000e+01 ,  9.70815e+00
  351 ,  4.15000e+01 ,  1.75111e+00
  352 ,  4.15000e+01 ,  3.23901e+00
  353 ,  4.15000e+01 ,  4.50326e+00
  354 ,  4.15000e+01 ,  5.57747e+00
  355 ,  4.15000e+01 ,  6.49022e+00
  356 ,  4.15000e+01 ,  7.26577e+00
  357 ,  4.15000e+01 ,  7.92474e+00
  358 ,  4.15000e+01 ,  8.48466e+00
  359 ,  4.15000e+01 ,  8.96042e+00
  360 ,  4.15000e+01 ,  9.36467e+00
  361 ,  4.15000e+01 ,  9.70815e+00
  362 ,  4.11000e+01 ,  1.75111e+00
  363 ,  4.11000e+01 ,  3.23901e+00
  364 ,  4.11000e+01 ,  4.50326e+00
  365 ,  4.11000e+01 ,  5.57747e+00
  366 ,  4.11000e+01 ,  6.49022e+00
  367 ,  4.11000e+01 ,  7.26577e+00
  368 ,  4.11000e+01 ,  7.92474e+00
  369 ,  4.11000e+01 ,  8.48466e+00
  370 ,  4.11000e+01 ,  8.96042e+00
  371 ,  4.11000e+01 ,  9.36467e+00
  372 ,  4.11000e+01 ,  9.70815e+00
  373 ,  4.07000e+01 ,  1.75111e+00
  374 ,  4.07000e+01 ,  3.23901e+00
  375 ,  4.07000e+01 ,  4.50326e+00
  376 ,  4.07000e+01 ,  5.57747e+00
  377 ,  4.07000e+01 ,  6.49022e+00
  378 ,  4.07000e+01 ,  7.26577e+00
  379 ,  4.07000e+01 ,  7.92474e+00
  380 ,  4.07000e+01 ,  8.48466e+00
  381 ,  4.07000e+01 ,  8.96042e+00
  382 ,  4.07000e+01 ,  9.36467e+00
  383 ,  4.07000e+01 ,  9.70815e+00
  384 ,  4.03000e+01 ,  1.75111e+00
  385 ,  4.03000e+01 ,  3.23901e+00
  386 ,  4.03000e+01 ,  4.50326e+00
  387 ,  4.03000e+01 ,  5.57747e+00
  388 ,  4.03000e+01 ,  6.49022e+00
  389 ,  4.03000e+01 ,  7.26577e+00
  390 ,  4.03000e+01 ,  7.92474e+00
  391 ,  4.03000e+01 ,  8.48466e+00
  392 ,  4.03000e+01 ,  8.96042e+00
  393 ,  4.03000e+01 ,  9.36467e+00
  394 ,  4.03000e+01 ,  9.70815e+00
  395 ,  3.99000e+01 ,  1.75111e+00
  396 ,  3.99000e+01 ,  3.23901e+00
  397 ,  3.99000e+01 ,  4.50326e+00
  398 ,  3.99000e+01 ,  5.57747e+00
  399 ,  3.99000e+01 ,  6.49022e+00
  400 ,  3.99000e+01 ,  7.26577e+00
  401 ,  3.99000e+01 ,  7.92474e+00
  402 ,  3.99000e+01 ,  8.48466e+00
  403 ,  3.99000e+01 ,  8.96042e+00
  404 ,  3.99000e+01 ,  9.36467e+00
  405 ,  3.99000e+01 ,  9.70815e+00
  406 ,  3.95000e+01 ,  1.75111e+00
  407 ,  3.95000e+01 ,  3.23901e+00
  408 ,  3.95000e+01 ,  4.50326e+00
  409 ,  3.95000e+01 ,  5.57747e+00
  410 ,  3.95000e+01 ,  6.49022e+00
  411 ,  3.95000e+01 ,  7.26577e+00
  412 ,  3.95000e+01 ,  7.92474e+00
  413 ,  3.95000e+01 ,  8.48466e+00
  414 ,  3.95000e+01 ,  8.96042e+00
  415 ,  3.95000e+01 ,  9.36467e+00
  416 ,  3.95000e+01 ,  9.70815e+00
  417 ,  3.91000e+01 ,  1.75111e+00
  418 ,  3.91000e+01 ,  3.23901e+00
  419 ,  3.91000e+01 ,  4.50326e+00
  420 ,  3.91000e+01 ,  5.57747e+00
  421 ,  3.91000e+01 ,  6.49022e+00
  422 ,  3.91000e+01 ,  7.26577e+00
  423 ,  3.91000e+01 ,  7.92474e+00
  424 ,  3.91000e+01 ,  8.48466e+00
  425 ,  3.91000e+01 ,  8.96042e+00
  426 ,  3.91000e+01 ,  9.36467e+00
  427 ,  3.91000e+01 ,  9.70815e+00
  428 ,  3.87000e+01 ,  1.75111e+00
  429 ,  3.87000e+01 ,  3.23901e+00
  430 ,  3.87000e+01 ,  4.50326e+00
  431 ,  3.87000e+01 ,  5.57747e+00
  432 ,  3.87000e+01 ,  6.49022e+00
  433 ,  3.87000e+01 ,  7.26577e+00
  434 ,  3.87000e+01 ,  7.92474e+00
  435 ,  3.87000e+01 ,  8.48466e+00
  436 ,  3.87000e+01 ,  8.96042e+00
  437 ,  3.87000e+01 ,  9.36467e+00
  438 ,  3.87000e+01 ,  9.70815e+00
  439 ,  3.83000e+01 ,  1.75111e+00
  440 ,  3.83000e+01 ,  3.23901e+00
  441 ,  3.83000e+01 ,  4.50326e+00
  442 ,  3.83000e+01 ,  5.57747e+00
  443 ,  3.83000e+01 ,  6.49022e+00
  444 ,  3.83000e+01 ,  7.26577e+00
  445 ,  3.83000e+01 ,  7.92474e+00
  446 ,  3.83000e+01 ,  8.48466e+00
  447 ,  3.83000e+01 ,  8.96042e+00
  448 ,  3.83000e+01 ,  9.36467e+00
  449 ,  3.83000e+01 ,  9.70815e+00
  450 ,  3.79000e+01 ,  1.75111e+00
  451 ,  3.79000e+01 ,  3.23901e+00
  452 ,  3.79000e+01 ,  4.50326e+00
  453 ,  3.79000e+01 ,  5.57747e+00
  454 ,  3.79000e+01 ,  6.49022e+00
  455 ,  3.79000e+01 ,  7.26577e+00
  456 ,  3.79000e+01 ,  7.92474e+00
  457 ,  3.79000e+01 ,  8.48466e+00
  458 ,  3.79000e+01 ,  8.96042e+00
  459 ,  3.79000e+01 ,  9.36467e+00
  460 ,  3.79000e+01 ,  9.70815e+00
  461 ,  4.51125e+01 ,  1.00625e+01
  462 ,  4.51250e+01 ,  1.01250e+01
  463 ,  4.51375e+01 ,  1.01875e+01
  464 ,  4.51500e+01 ,  1.02500e+01
  465 ,  4.51625e+01 ,  1.03125e+01
  466 ,  4.51750e+01 ,  1.03750e+01
  467 ,  4.51875e+01 ,  1.04375e+01
  468 ,  4.52000e+01 ,  1.05000e+01
  469 ,  4.52125e+01 ,  1.05625e+01
  470 ,  4.52250e+01 ,  1.06250e+01
  471 ,  4.52375e+01 ,  1.06875e+01
  472 ,  4.52500e+01 ,  1.07500e+01
  473 ,  4.52625e+01 ,  1.08125e+01
  474 ,  4.52750e+01 ,  1.08750e+01
  475 ,  4.52875e+01 ,  1.09375e+01
  476 ,  4.53000e+01 ,  1.10000e+01
  477 ,  4.53125e+01 ,  1.10625e+01
  478 ,  4.53250e+01 ,  1.11250e+01
  479 ,  4.53375e+01 ,  1.11875e+01
  480 ,  4.47250e+01 ,  1.00625e+01
  481 ,  4.47500e+01 ,  1.01250e+01
  482 ,  4.47750e+01 ,  1.01875e+01
  483 ,  4.48000e+01 ,  1.02500e+01
  484 ,  4.48250e+01 ,  1.03125e+01
  485 ,  4.48500e+01 ,  1.03750e+01
  486 ,  4.48750e+01 ,  1.04375e+01
  487 ,  4.49000e+01 ,  1.05000e+01
  488 ,  4.49250e+01 ,  1.05625e+01
  489 ,  4.49500e+01 ,  1.06250e+01
  490 ,  4.49750e+01 ,  1.06875e+01
  491 ,  4.50000e+01 ,  1.07500e+01
  492 ,  4.50250e+01 ,  1.08125e+01
  493 ,  4.50500e+01 ,  1.08750e+01
  494 ,  4.50750e+01 ,  1.09375e+01
  495 ,  4.51000e+01 ,  1.10000e+01
  496 ,  4.51250e+01 ,  1.10625e+01
  497 ,  4.51500e+01 ,  1.11250e+01
  498 ,  4.51750e+01 ,  1.11875e+01
  499 ,  4.43375e+01 ,  1.00625e+01
  500 ,  4.43750e+01 ,  1.01250e+01
  501 ,  4.44125e+01 ,  1.01875e+01
  502 ,  4.44500e+01 ,  1.02500e+01
  503 ,  4.44875e+01 ,  1.03125e+01
  504 ,  4.45250e+01 ,  1.03750e+01
  505 ,  4.45625e+01 ,  1.04375e+01
  506 ,  4.46000e+01 ,  1.05000e+01
  507 ,  4.46375e+01 ,  1.05625e+01
  508 ,  4.46750e+01 ,  1.06250e+01
  509 ,  4.47125e+01 ,  1.06875e+01
  510 ,  4.47500e+01 ,  1.07500e+01
  511 ,  4.47875e+01 ,  1.08125e+01
  512 ,  4.48250e+01 ,  1.08750e+01
  513 ,  4.48625e+01 ,  1.09375e+01
  514 ,  4.49000e+01 ,  1.10000e+01
  515 ,  4.49375e+01 ,  1.10625e+01
  516 ,  4.49750e+01 ,  1.11250e+01
  517 ,  4.50125e+01 ,  1.11875e+01
  518 ,  4.39500e+01 ,  1.00625e+01
  519 ,  4.40000e+01 ,  1.01250e+01
  520 ,  4.40500e+01 ,  1.01875e+01
  521 ,  4.41000e+01 ,  1.02500e+01
  522 ,  4.41500e+01 ,  1.03125e+01
  523 ,  4.42000e+01 ,  1.03750e+01
  524 ,  4.42500e+01 ,  1.04375e+01
  525 ,  4.43000e+01 ,  1.05000e+01
  526 ,  4.43500e+01 ,  1.05625e+01
  527 ,  4.44000e+01 ,  1.06250e+01
  528 ,  4.44500e+01 ,  1.06875e+01
  529 ,  4.45000e+01 ,  1.07500e+01
  530 ,  4.45500e+01 ,  1.08125e+01
  531 ,  4.46000e+01 ,  1.08750e+01
  532 ,  4.46500e+01 ,  1.09375e+01
  533 ,  4.47000e+01 ,  1.10000e+01
  534 ,  4.47500e+01 ,  1.10625e+01
  535 ,  4.48000e+01 ,  1.11250e+01
  536 ,  4.48500e+01 ,  1.11875e+01
  537 ,  4.35625e+01 ,  1.00625e+01
  538 ,  4.36250e+01 ,  1.01250e+01
  539 ,  4.36875e+01 ,  1.01875e+01
  540 ,  4.37500e+01 ,  1.02500e+01
  541 ,  4.38125e+01 ,  1.03125e+01
  542 ,  4.38750e+01 ,  1.03750e+01
  543 ,  4.39375e+01 ,  1.04375e+01
  544 ,  4.40000e+01 ,  1.05000e+01
  545 ,  4.40625e+01 ,  1.05625e+01
  546 ,  4.41250e+01 ,  1.06250e+01
  547 ,  4.41875e+01 ,  1.06875e+01
  548 ,  4.42500e+01 ,  1.07500e+01
  549 ,  4.43125e+01 ,  1.08125e+01
  550 ,  4.43750e+01 ,  1.08750e+01
  551 ,  4.44375e+01 ,  1.09375e+01
  552 ,  4.45000e+01 ,  1.10000e+01
  553 ,  4.45625e+01 ,  1.10625e+01
  554 ,  4.46250e+01 ,  1.11250e+01
  555 ,  4.46875e+01 ,  1.11875e+01
  556 ,  4.31750e+01 ,  1.00625e+01
  557 ,  4.32500e+01 ,  1.01250e+01
  558 ,  4.33250e+01 ,  1.01875e+01
  559 ,  4.34000e+01 ,  1.02500e+01
  560 ,  4.34750e+01 ,  1.03125e+01
  561 ,  4.35500e+01 ,  1.03750e+01
  562 ,  4.36250e+01 ,  1.04375e+01
  563 ,  4.37000e+01 ,  1.05000e+01
  564 ,  4.37750e+01 ,  1.05625e+01
  565 ,  4.38500e+01 ,  1.06250e+01
  566 ,  4.39250e+01 ,  1.06875e+01
  567 ,  4.40000e+01 ,  1.07500e+01
  568 ,  4.40750e+01 ,  1.08125e+01
  569 ,  4.41500e+01 ,  1.08750e+01
  570 ,  4.42250e+01 ,  1.09375e+01
  571 ,  4.43000e+01 ,  1.10000e+01
  572 ,  4.43750e+01 ,  1.10625e+01
  573 ,  4.44500e+01 ,  1.11250e+01
  574 ,  4.45250e+01 ,  1.11875e+01
  575 ,  4.27875e+01 ,  1.00625e+01
  576 ,  4.28750e+01 ,  1.01250e+01
  577 ,  4.29625e+01 ,  1.01875e+01
  578 ,  4.30500e+01 ,  1.02500e+01
  579 ,  4.31375e+01 ,  1.03125e+01
  580 ,  4.32250e+01 ,  1.03750e+01
  581 ,  4.33125e+01 ,  1.04375e+01
  582 ,  4.34000e+01 ,  1.05000e+01
  583 ,  4.34875e+01 ,  1.05625e+01
  584 ,  4.35750e+01 ,  1.06250e+01
  585 ,  4.36625e+01 ,  1.06875e+01
  586 ,  4.37500e+01 ,  1.07500e+01
  587 ,  4.38375e+01 ,  1.08125e+01
  588 ,  4.39250e+01 ,  1.08750e+01
  589 ,  4.40125e+01 ,  1.09375e+01
  590 ,  4.41000e+01 ,  1.10000e+01
  591 ,  4.41875e+01 ,  1.10625e+01
  592 ,  4.42750e+01 ,  1.11250e+01
  593 ,  4.43625e+01 ,  1.11875e+01
  594 ,  4.24000e+01 ,  1.00625e+01
  595 ,  4.25000e+01 ,  1.01250e+01
  596 ,  4.26000e+01 ,  1.01875e+01
  597 ,  4.27000e+01 ,  1.02500e+01
  598 ,  4.28000e+01 ,  1.03125e+01
  599 ,  4.29000e+01 ,  1.03750e+01
  600 ,  4.30000e+01 ,  1.04375e+01
  601 ,  4.31000e+01 ,  1.05000e+01
  602 ,  4.32000e+01 ,  1.05625e+01
  603 ,  4.33000e+01 ,  1.06250e+01
  604 ,  4.34000e+01 ,  1.06875e+01
  605 ,  4.35000e+01 ,  1.07500e+01
  606 ,  4.36000e+01 ,  1.08125e+01
  607 ,  4.37000e+01 ,  1.08750e+01
  608 ,  4.38000e+01 ,  1.09375e+01
  609 ,  4.39000e+01 ,  1.10000e+01
  610 ,  4.40000e+01 ,  1.10625e+01
  611 ,  4.41000e+01 ,  1.11250e+01
  612 ,  4.42000e+01 ,  1.11875e+01
  613 ,  4.20125e+01 ,  1.00625e+01
  614 ,  4.21250e+01 ,  1.01250e+01
  615 ,  4.22375e+01 ,  1.01875e+01
  616 ,  4.23500e+01 ,  1.02500e+01
  617 ,  4.24625e+01 ,  1.03125e+01
  618 ,  4.25750e+01 ,  1.03750e+01
  619 ,  4.26875e+01 ,  1.04375e+01
  620 ,  4.28000e+01 ,  1.05000e+01
  621 ,  4.29125e+01 ,  1.05625e+01
  622 ,  4.30250e+01 ,  1.06250e+01
  623 ,  4.31375e+01 ,  1.06875e+01
  624 ,  4.32500e+01 ,  1.07500e+01
  625 ,  4.33625e+01 ,  1.08125e+01
  626 ,  4.34750e+01 ,  1.08750e+01
  627 ,  4.35875e+01 ,  1.09375e+01
  628 ,  4.37000e+01 ,  1.10000e+01
  629 ,  4.38125e+01 ,  1.10625e+01
  630 ,  4.39250e+01 ,  1.11250e+01
  631 ,  4.40375e+01 ,  1.11875e+01
  632 ,  4.16250e+01 ,  1.00625e+01
  633 ,  4.17500e+01 ,  1.01250e+01
  634 ,  4.18750e+01 ,  1.01875e+01
  635 ,  4.20000e+01 ,  1.02500e+01
  636 ,  4.21250e+01 ,  1.03125e+01
  637 ,  4.22500e+01 ,  1.03750e+01
  638 ,  4.23750e+01 ,  1.04375e+01
  639 ,  4.25000e+01 ,  1.05000e+01
  640 ,  4.26250e+01 ,  1.05625e+01
  641 ,  4.27500e+01 ,  1.06250e+01
  642 ,  4.28750e+01 ,  1.06875e+01
  643 ,  4.30000e+01 ,  1.07500e+01
  644 ,  4.31250e+01 ,  1.08125e+01
  645 ,  4.32500e+01 ,  1.08750e+01
  646 ,  4.33750e+01 ,  1.09375e+01
  647 ,  4.35000e+01 ,  1.10000e+01
  648 ,  4.36250e+01 ,  1.10625e+01
  649 ,  4.37500e+01 ,  1.11250e+01
  650 ,  4.38750e+01 ,  1.11875e+01
  651 ,  4.12375e+01 ,  1.00625e+01
  652 ,  4.13750e+01 ,  1.01250e+01
  653 ,  4.15125e+01 ,  1.01875e+01
  654 ,  4.16500e+01 ,  1.02500e+01
  655 ,  4.17875e+01 ,  1.03125e+01
  656 ,  4.19250e+01 ,  1.03750e+01
  657 ,  4.20625e+01 ,  1.04375e+01
  658 ,  4.22000e+01 ,  1.05000e+01
  659 ,  4.23375e+01 ,  1.05625e+01
  660 ,  4.24750e+01 ,  1.06250e+01
  661 ,  4.26125e+01 ,  1.06875e+01
  662 ,  4.27500e+01 ,  1.07500e+01
  663 ,  4.28875e+01 ,  1.08125e+01
  664 ,  4.30250e+01 ,  1.08750e+01
  665 ,  4.31625e+01 ,  1.09375e+01
  666 ,  4.33000e+01 ,  1.10000e+01
  667 ,  4.34375e+01 ,  1.10625e+01
  668 ,  4.35750e+01 ,  1.11250e+01
  669 ,  4.37125e+01 ,  1.11875e+01
  670 ,  4.08500e+01 ,  1.00625e+01
  671 ,  4.10000e+01 ,  1.01250e+01
  672 ,  4.11500e+01 ,  1.01875e+01
  673 ,  4.13000e+01 ,  1.02500e+01
  674 ,  4.14500e+01 ,  1.03125e+01
  675 ,  4.16000e+01 ,  1.03750e+01
  676 ,  4.17500e+01 ,  1.04375e+01
  677 ,  4.19000e+01 ,  1.05000e+01
  678 ,  4.20500e+01 ,  1.05625e+01
  679 ,  4.22000e+01 ,  1.06250e+01
  680 ,  4.23500e+01 ,  1.06875e+01
  681 ,  4.25000e+01 ,  1.07500e+01
  682 ,  4.26500e+01 ,  1.08125e+01
  683 ,  4.28000e+01 ,  1.08750e+01
  684 ,  4.29500e+01 ,  1.09375e+01
  685 ,  4.31000e+01 ,  1.10000e+01
  686 ,  4.32500e+01 ,  1.10625e+01
  687 ,  4.34000e+01 ,  1.11250e+01
  688 ,  4.35500e+01 ,  1.11875e+01
  689 ,  4.04625e+01 ,  1.00625e+01
  690 ,  4.06250e+01 ,  1.01250e+01
  691 ,  4.07875e+01 ,  1.01875e+01
  692 ,  4.09500e+01 ,  1.02500e+01
  693 ,  4.11125e+01 ,  1.03125e+01
  694 ,  4.12750e+01 ,  1.03750e+01
  695 ,  4.14375e+01 ,  1.04375e+01
  696 ,  4.16000e+01 ,  1.05000e+01
  697 ,  4.17625e+01 ,  1.05625e+01
  698 ,  4.19250e+01 ,  1.06250e+01
  699 ,  4.20875e+01 ,  1.06875e+01
  700 ,  4.22500e+01 ,  1.07500e+01
  701 ,  4.24125e+01 ,  1.08125e+01
  702 ,  4.25750e+01 ,  1.08750e+01
  703 ,  4.27375e+01 ,  1.09375e+01
  704 ,  4.29000e+01 ,  1.10000e+01
  705 ,  4.30625e+01 ,  1.10625e+01
  706 ,  4.32250e+01 ,  1.11250e+01
  707 ,  4.33875e+01 ,  1.11875e+01
  708 ,  4.00750e+01 ,  1.00625e+01
  709 ,  4.02500e+01 ,  1.01250e+01
  710 ,  4.04250e+01 ,  1.01875e+01
  711 ,  4.06000e+01 ,  1.02500e+01
  712 ,  4.07750e+01 ,  1.03125e+01
  713 ,  4.09500e+01 ,  1.03750e+01
  714 ,  4.11250e+01 ,  1.04375e+01
  715 ,  4.13000e+01 ,  1.05000e+01
  716 ,  4.14750e+01 ,  1.05625e+01
  717 ,  4.16500e+01 ,  1.06250e+01
  718 ,  4.18250e+01 ,  1.06875e+01
  719 ,  4.20000e+01 ,  1.07500e+01
  720 ,  4.21750e+01 ,  1.08125e+01
  721 ,  4.23500e+01 ,  1.08750e+01
  722 ,  4.25250e+01 ,  1.09375e+01
  723 ,  4.27000e+01 ,  1.10000e+01
  724 ,  4.28750e+01 ,  1.10625e+01
  725 ,  4.30500e+01 ,  1.11250e+01
  726 ,  4.32250e+01 ,  1.11875e+01
  727 ,  3.96875e+01 ,  1.00625e+01
  728 ,  3.98750e+01 ,  1.01250e+01
  729 ,  4.00625e+01 ,  1.01875e+01
  730 ,  4.02500e+01 ,  1.02500e+01
  731 ,  4.04375e+01 ,  1.03125e+01
  732 ,  4.06250e+01 ,  1.03750e+01
  733 ,  4.08125e+01 ,  1.04375e+01
  734 ,  4.10000e+01 ,  1.05000e+01
  735 ,  4.11875e+01 ,  1.05625e+01
  736 ,  4.13750e+01 ,  1.06250e+01
  737 ,  4.15625e+01 ,  1.06875e+01
  738 ,  4.17500e+01 ,  1.07500e+01
  739 ,  4.19375e+01 ,  1.08125e+01
  740 ,  4.21250e+01 ,  1.08750e+01
  741 ,  4.23125e+01 ,  1.09375e+01
  742 ,  4.25000e+01 ,  1.10000e+01
  743 ,  4.26875e+01 ,  1.10625e+01
  744 ,  4.28750e+01 ,  1.11250e+01
  745 ,  4.30625e+01 ,  1.11875e+01
  746 ,  3.93000e+01 ,  1.00625e+01
  747 ,  3.95000e+01 ,  1.01250e+01
  748 ,  3.97000e+01 ,  1.01875e+01
  749 ,  3.99000e+01 ,  1.02500e+01
  750 ,  4.01000e+01 ,  1.03125e+01
  751 ,  4.03000e+01 ,  1.03750e+01
  752 ,  4.05000e+01 ,  1.04375e+01
  753 ,  4.07000e+01 ,  1.05000e+01
  754 ,  4.09000e+01 ,  1.05625e+01
  755 ,  4.11000e+01 ,  1.06250e+01
  756 ,  4.13000e+01 ,  1.06875e+01
  757 ,  4.15000e+01 ,  1.07500e+01
  758 ,  4.17000e+01 ,  1.08125e+01
  759 ,  4.19000e+01 ,  1.08750e+01
  760 ,  4.21000e+01 ,  1.09375e+01
  761 ,  4.23000e+01 ,  1.10000e+01
  762 ,  4.25000e+01 ,  1.10625e+01
  763 ,  4.27000e+01 ,  1.11250e+01
  764 ,  4.29000e+01 ,  1.11875e+01
  765 ,  3.89125e+01 ,  1.00625e+01
  766 ,  3.91250e+01 ,  1.01250e+01
  767 ,  3.93375e+01 ,  1.01875e+01
  768 ,  3.95500e+01 ,  1.02500e+01
  769 ,  3.97625e+01 ,  1.03125e+01
  770 ,  3.99750e+01 ,  1.03750e+01
  771 ,  4.01875e+01 ,  1.04375e+01
  772 ,  4.04000e+01 ,  1.05000e+01
  773 ,  4.06125e+01 ,  1.05625e+01
  774 ,  4.08250e+01 ,  1.06250e+01
  775 ,  4.10375e+01 ,  1.06875e+01
  776 ,  4.12500e+01 ,  1.07500e+01
  777 ,  4.14625e+01 ,  1.08125e+01
  778 ,  4.16750e+01 ,  1.08750e+01
  779 ,  4.18875e+01 ,  1.09375e+01
  780 ,  4.21000e+01 ,  1.10000e+01
  781 ,  4.23125e+01 ,  1.10625e+01
  782 ,  4.25250e+01 ,  1.11250e+01
  783 ,  4.27375e+01 ,  1.11875e+01
  784 ,  3.85250e+01 ,  1.00625e+01
  785 ,  3.87500e+01 ,  1.01250e+01
  786 ,  3.89750e+01 ,  1.01875e+01
  787 ,  3.92000e+01 ,  1.02500e+01
  788 ,  3.94250e+01 ,  1.03125e+01
  789 ,  3.96500e+01 ,  1.03750e+01
  790 ,  3.98750e+01 ,  1.04375e+01
  791 ,  4.01000e+01 ,  1.05000e+01
  792 ,  4.03250e+01 ,  1.05625e+01
  793 ,  4.05500e+01 ,  1.06250e+01
  794 ,  4.07750e+01 ,  1.06875e+01
  795 ,  4.10000e+01 ,  1.07500e+01
  796 ,  4.12250e+01 ,  1.08125e+01
  797 ,  4.14500e+01 ,  1.08750e+01
  798 ,  4.16750e+01 ,  1.09375e+01
  799 ,  4.19000e+01 ,  1.10000e+01
  800 ,  4.21250e+01 ,  1.10625e+01
  801 ,  4.23500e+01 ,  1.11250e+01
  802 ,  4.25750e+01 ,  1.11875e+01
  803 ,  3.81375e+01 ,  1.00625e+01
  804 ,  3.83750e+01 ,  1.01250e+01
  805 ,  3.86125e+01 ,  1.01875e+01
  806 ,  3.88500e+01 ,  1.02500e+01
  807 ,  3.90875e+01 ,  1.03125e+01
  808 ,  3.93250e+01 ,  1.03750e+01
  809 ,  3.95625e+01 ,  1.04375e+01
  810 ,  3.98000e+01 ,  1.05000e+01
  811 ,  4.00375e+01 ,  1.05625e+01
  812 ,  4.02750e+01 ,  1.06250e+01
  813 ,  4.05125e+01 ,  1.06875e+01
  814 ,  4.07500e+01 ,  1.07500e+01
  815 ,  4.09875e+01 ,  1.08125e+01
  816 ,  4.12250e+01 ,  1.08750e+01
  817 ,  4.14625e+01 ,  1.09375e+01
  818 ,  4.17000e+01 ,  1.10000e+01
  819 ,  4.19375e+01 ,  1.10625e+01
  820 ,  4.21750e+01 ,  1.11250e+01
  821 ,  4.24125e+01 ,  1.11875e+01
  822 ,  4.56625e+01 ,  1.11875e+01
  823 ,  4.56750e+01 ,  1.11250e+01
  824 ,  4.56875e+01 ,  1.10625e+01
  825 ,  4.57000e+01 ,  1.10000e+01
  826 ,  4.57125e+01 ,  1.09375e+01
  827 ,  4.57250e+01 ,  1.08750e+01
  828 ,  4.57375e+01 ,  1.08125e+01
  829 ,  4.57500e+01 ,  1.07500e+01
  830 ,  4.57625e+01 ,  1.06875e+01
  831 ,  4.57750e+01 ,  1.06250e+01
  832 ,  4.57875e+01 ,  1.05625e+01
  833 ,  4.58000e+01 ,  1.05000e+01
  834 ,  4.58125e+01 ,  1.04375e+01
  835 ,  4.58250e+01 ,  1.03750e+01
  836 ,  4.58375e+01 ,  1.03125e+01
  837 ,  4.58500e+01 ,  1.02500e+01
  838 ,  4.58625e+01 ,  1.01875e+01
  839 ,  4.58750e+01 ,  1.01250e+01
  840 ,  4.58875e+01 ,  1.00625e+01
  841 ,  4.58250e+01 ,  1.11875e+01
  842 ,  4.58500e+01 ,  1.11250e+01
  843 ,  4.58750e+01 ,  1.10625e+01
  844 ,  4.59000e+01 ,  1.10000e+01
  845 ,  4.59250e+01 ,  1.09375e+01
  846 ,  4.59500e+01 ,  1.08750e+01
  847 ,  4.59750e+01 ,  1.08125e+01
  848 ,  4.60000e+01 ,  1.07500e+01
  849 ,  4.60250e+01 ,  1.06875e+01
  850 ,  4.60500e+01 ,  1.06250e+01
  851 ,  4.60750e+01 ,  1.05625e+01
  852 ,  4.61000e+01 ,  1.05000e+01
  853 ,  4.61250e+01 ,  1.04375e+01
  854 ,  4.61500e+01 ,  1.03750e+01
  855 ,  4.61750e+01 ,  1.03125e+01
  856 ,  4.62000e+01 ,  1.02500e+01
  857 ,  4.62250e+01 ,  1.01875e+01
  858 ,  4.62500e+01 ,  1.01250e+01
  859 ,  4.62750e+01 ,  1.00625e+01
  860 ,  4.59875e+01 ,  1.11875e+01
  861 ,  4.60250e+01 ,  1.11250e+01
  862 ,  4.60625e+01 ,  1.10625e+01
  863 ,  4.61000e+01 ,  1.10000e+01
  864 ,  4.61375e+01 ,  1.09375e+01
  865 ,  4.61750e+01 ,  1.08750e+01
  866 ,  4.62125e+01 ,  1.08125e+01
  867 ,  4.62500e+01 ,  1.07500e+01
  868 ,  4.62875e+01 ,  1.06875e+01
  869 ,  4.63250e+01 ,  1.06250e+01
  870 ,  4.63625e+01 ,  1.05625e+01
  871 ,  4.64000e+01 ,  1.05000e+01
  872 ,  4.64375e+01 ,  1.04375e+01
  873 ,  4.64750e+01 ,  1.03750e+01
  874 ,  4.65125e+01 ,  1.03125e+01
  875 ,  4.65500e+01 ,  1.02500e+01
  876 ,  4.65875e+01 ,  1.01875e+01
  877 ,  4.66250e+01 ,  1.01250e+01
  878 ,  4.66625e+01 ,  1.00625e+01
  879 ,  4.61500e+01 ,  1.11875e+01
  880 ,  4.62000e+01 ,  1.11250e+01
  881 ,  4.62500e+01 ,  1.10625e+01
  882 ,  4.63000e+01 ,  1.10000e+01
  883 ,  4.63500e+01 ,  1.09375e+01
  884 ,  4.64000e+01 ,  1.08750e+01
  885 ,  4.64500e+01 ,  1.08125e+01
  886 ,  4.65000e+01 ,  1.07500e+01
  887 ,  4.65500e+01 ,  1.06875e+01
  888 ,  4.66000e+01 ,  1.06250e+01
  889 ,  4.66500e+01 ,  1.05625e+01
  890 ,  4.67000e+01 ,  1.05000e+01
  891 ,  4.67500e+01 ,  1.04375e+01
  892 ,  4.68000e+01 ,  1.03750e+01
  893 ,  4.68500e+01 ,  1.03125e+01
  894 ,  4.69000e+01 ,  1.02500e+01
  895 ,  4.69500e+01 ,  1.01875e+01
  896 ,  4.70000e+01 ,  1.01250e+01
  897 ,  4.70500e+01 ,  1.00625e+01
  898 ,  4.63125e+01 ,  1.11875e+01
  899 ,  4.63750e+01 ,  1.11250e+01
  900 ,  4.64375e+01 ,  1.10625e+01
  901 ,  4.65000e+01 ,  1.10000e+01
  902 ,  4.65625e+01 ,  1.09375e+01
  903 ,  4.66250e+01 ,  1.08750e+01
  904 ,  4.66875e+01 ,  1.08125e+01
  905 ,  4.67500e+01 ,  1.07500e+01
  906 ,  4.68125e+01 ,  1.06875e+01
  907 ,  4.68750e+01 ,  1.06250e+01
  908 ,  4.69375e+01 ,  1.05625e+01
  909 ,  4.70000e+01 ,  1.05000e+01
  910 ,  4.70625e+01 ,  1.04375e+01
  911 ,  4.71250e+01 ,  1.03750e+01
  912 ,  4.71875e+01 ,  1.03125e+01
  913 ,  4.72500e+01 ,  1.02500e+01
  914 ,  4.73125e+01 ,  1.01875e+01
  915 ,  4.73750e+01 ,  1.01250e+01
  916 ,  4.74375e+01 ,  1.00625e+01
  917 ,  4.64750e+01 ,  1.11875e+01
  918 ,  4.65500e+01 ,  1.11250e+01
  919 ,  4.66250e+01 ,  1.10625e+01
  920 ,  4.67000e+01 ,  1.10000e+01
  921 ,  4.67750e+01 ,  1.09375e+01
  922 ,  4.68500e+01 ,  1.08750e+01
  923 ,  4.69250e+01 ,  1.08125e+01
  924 ,  4.70000e+01 ,  1.07500e+01
  925 ,  4.70750e+01 ,  1.06875e+01
  926 ,  4.71500e+01 ,  1.06250e+01
  927 ,  4.72250e+01 ,  1.05625e+01
  928 ,  4.73000e+01 ,  1.05000e+01
  929 ,  4.73750e+01 ,  1.04375e+01
  930 ,  4.74500e+01 ,  1.03750e+01
  931 ,  4.75250e+01 ,  1.03125e+01
  932 ,  4.76000e+01 ,  1.02500e+01
  933 ,  4.76750e+01 ,  1.01875e+01
  934 ,  4.77500e+01 ,  1.01250e+01
  935 ,  4.78250e+01 ,  1.00625e+01
  936 ,  4.66375e+01 ,  1.11875e+01
  937 ,  4.67250e+01 ,  1.11250e+01
  938 ,  4.68125e+01 ,  1.10625e+01
  939 ,  4.69000e+01 ,  1.10000e+01
  940 ,  4.69875e+01 ,  1.09375e+01
  941 ,  4.70750e+01 ,  1.08750e+01
  942 ,  4.71625e+01 ,  1.08125e+01
  943 ,  4.72500e+01 ,  1.07500e+01
  944 ,  4.73375e+01 ,  1.06875e+01
  945 ,  4.74250e+01 ,  1.06250e+01
  946 ,  4.75125e+01 ,  1.05625e+01
  947 ,  4.76000e+01 ,  1.05000e+01
  948 ,  4.76875e+01 ,  1.04375e+01
  949 ,  4.77750e+01 ,  1.03750e+01
  950 ,  4.78625e+01 ,  1.03125e+01
  951 ,  4.79500e+01 ,  1.02500e+01
  952 ,  4.80375e+01 ,  1.01875e+01
  953 ,  4.81250e+01 ,  1.01250e+01
  954 ,  4.82125e+01 ,  1.00625e+01
  955 ,  4.68000e+01 ,  1.11875e+01
  956 ,  4.69000e+01 ,  1.11250e+01
  957 ,  4.70000e+01 ,  1.10625e+01
  958 ,  4.71000e+01 ,  1.10000e+01
  959 ,  4.72000e+01 ,  1.09375e+01
  960 ,  4.73000e+01 ,  1.08750e+01
  961 ,  4.74000e+01 ,  1.08125e+01
  962 ,  4.75000e+01 ,  1.07500e+01
  963 ,  4.76000e+01 ,  1.06875e+01
  964 ,  4.77000e+01 ,  1.06250e+01
  965 ,  4.78000e+01 ,  1.05625e+01
  966 ,  4.79000e+01 ,  1.05000e+01
  967 ,  4.80000e+01 ,  1.04375e+01
  968 ,  4.81000e+01 ,  1.03750e+01
  969 ,  4.82000e+01 ,  1.03125e+01
  970 ,  4.83000e+01 ,  1.02500e+01
  971 ,  4.84000e+01 ,  1.01875e+01
  972 ,  4.85000e+01 ,  1.01250e+01
  973 ,  4.86000e+01 ,  1.00625e+01
  974 ,  4.69625e+01 ,  1.11875e+01
  975 ,  4.70750e+01 ,  1.11250e+01
  976 ,  4.71875e+01 ,  1.10625e+01
  977 ,  4.73000e+01 ,  1.10000e+01
  978 ,  4.74125e+01 ,  1.09375e+01
  979 ,  4.75250e+01 ,  1.08750e+01
  980 ,  4.76375e+01 ,  1.08125e+01
  981 ,  4.77500e+01 ,  1.07500e+01
  982 ,  4.78625e+01 ,  1.06875e+01
  983 ,  4.79750e+01 ,  1.06250e+01
  984 ,  4.80875e+01 ,  1.05625e+01
  985 ,  4.82000e+01 ,  1.05000e+01
  986 ,  4.83125e+01 ,  1.04375e+01
  987 ,  4.84250e+01 ,  1.03750e+01
  988 ,  4.85375e+01 ,  1.03125e+01
  989 ,  4.86500e+01 ,  1.02500e+01
  990 ,  4.87625e+01 ,  1.01875e+01
  991 ,  4.88750e+01 ,  1.01250e+01
  992 ,  4.89875e+01 ,  1.00625e+01
  993 ,  4.71250e+01 ,  1.11875e+01
  994 ,  4.72500e+01 ,  1.11250e+01
  995 ,  4.73750e+01 ,  1.10625e+01
  996 ,  4.75000e+01 ,  1.10000e+01
  997 ,  4.76250e+01 ,  1.09375e+01
  998 ,  4.77500e+01 ,  1.08750e+01
  999 ,  4.78750e+01 ,  1.08125e+01
 1000 ,  4.80000e+01 ,  1.07500e+01
 1001 ,  4.81250e+01 ,  1.06875e+01
 1002 ,  4.82500e+01 ,  1.06250e+01
 1003 ,  4.83750e+01 ,  1.05625e+01
 1004 ,  4.85000e+01 ,  1.05000e+01
 1005 ,  4.86250e+01 ,  1.04375e+01
 1006 ,  4.87500e+01 ,  1.03750e+01
 1007 ,  4.88750e+01 ,  1.03125e+01
 1008 ,  4.90000e+01 ,  1.02500e+01
 1009 ,  4.91250e+01 ,  1.01875e+01
 1010 ,  4.92500e+01 ,  1.01250e+01
 1011 ,  4.93750e+01 ,  1.00625e+01
 1012 ,  4.72875e+01 ,  1.11875e+01
 1013 ,  4.74250e+01 ,  1.11250e+01
 1014 ,  4.75625e+01 ,  1.10625e+01
 1015 ,  4.77000e+01 ,  1.10000e+01
 1016 ,  4.78375e+01 ,  1.09375e+01
 1017 ,  4.79750e+01 ,  1.08750e+01
 1018 ,  4.81125e+01 ,  1.08125e+01
 1019 ,  4.82500e+01 ,  1.07500e+01
 1020 ,  4.83875e+01 ,  1.06875e+01
 1021 ,  4.85250e+01 ,  1.06250e+01
 1022 ,  4.86625e+01 ,  1.05625e+01
 1023 ,  4.88000e+01 ,  1.05000e+01
 1024 ,  4.89375e+01 ,  1.04375e+01
 1025 ,  4.90750e+01 ,  1.03750e+01
 1026 ,  4.92125e+01 ,  1.03125e+01
 1027 ,  4.93500e+01 ,  1.02500e+01
 1028 ,  4.94875e+01 ,  1.01875e+01
 1029 ,  4.96250e+01 ,  1.01250e+01
 1030 ,  4.97625e+01 ,  1.00625e+01
 1031 ,  4.74500e+01 ,  1.11875e+01
 1032 ,  4.76000e+01 ,  1.11250e+01
 1033 ,  4.77500e+01 ,  1.10625e+01
 1034 ,  4.79000e+01 ,  1.10000e+01
 1035 ,  4.80500e+01 ,  1.09375e+01
 1036 ,  4.82000e+01 ,  1.08750e+01
 1037 ,  4.83500e+01 ,  1.08125e+01
 1038 ,  4.85000e+01 ,  1.07500e+01
 1039 ,  4.86500e+01 ,  1.06875e+01
 1040 ,  4.88000e+01 ,  1.06250e+01
 1041 ,  4.89500e+01 ,  1.05625e+01
 1042 ,  4.91000e+01 ,  1.05000e+01
 1043 ,  4.92500e+01 ,  1.04375e+01
 1044 ,  4.94000e+01 ,  1.03750e+01
 1045 ,  4.95500e+01 ,  1.03125e+01
 1046 ,  4.97000e+01 ,  1.02500e+01
 1047 ,  4.98500e+01 ,  1.01875e+01
 1048 ,  5.00000e+01 ,  1.01250e+01
 1049 ,  5.01500e+01 ,  1.00625e+01
 1050 ,  4.76125e+01 ,  1.11875e+01
 1051 ,  4.77750e+01 ,  1.11250e+01
 1052 ,  4.79375e+01 ,  1.10625e+01
 1053 ,  4.81000e+01 ,  1.10000e+01
 1054 ,  4.82625e+01 ,  1.09375e+01
 1055 ,  4.84250e+01 ,  1.08750e+01
 1056 ,  4.85875e+01 ,  1.08125e+01
 1057 ,  4.87500e+01 ,  1.07500e+01
 1058 ,  4.89125e+01 ,  1.06875e+01
 1059 ,  4.90750e+01 ,  1.06250e+01
 1060 ,  4.92375e+01 ,  1.05625e+01
 1061 ,  4.94000e+01 ,  1.05000e+01
 1062 ,  4.95625e+01 ,  1.04375e+01
 1063 ,  4.97250e+01 ,  1.03750e+01
 1064 ,  4.98875e+01 ,  1.03125e+01
 1065 ,  5.00500e+01 ,  1.02500e+01
 1066 ,  5.02125e+01 ,  1.01875e+01
 1067 ,  5.03750e+01 ,  1.01250e+01
 1068 ,  5.05375e+01 ,  1.00625e+01
 1069 ,  4.77750e+01 ,  1.11875e+01
 1070 ,  4.79500e+01 ,  1.11250e+01
 1071 ,  4.81250e+01 ,  1.10625e+01
 1072 ,  4.83000e+01 ,  1.10000e+01
 1073 ,  4.84750e+01 ,  1.09375e+01
 1074 ,  4.86500e+01 ,  1.08750e+01
 1075 ,  4.88250e+01 ,  1.08125e+01
 1076 ,  4.90000e+01 ,  1.07500e+01
 1077 ,  4.91750e+01 ,  1.06875e+01
 1078 ,  4.93500e+01 ,  1.06250e+01
 1079 ,  4.95250e+01 ,  1.05625e+01
 1080 ,  4.97000e+01 ,  1.05000e+01
 1081 ,  4.98750e+01 ,  1.04375e+01
 1082 ,  5.00500e+01 ,  1.03750e+01
 1083 ,  5.02250e+01 ,  1.03125e+01
 1084 ,  5.04000e+01 ,  1.02500e+01
 1085 ,  5.05750e+01 ,  1.01875e+01
 1086 ,  5.07500e+01 ,  1.01250e+01
 1087 ,  5.09250e+01 ,  1.00625e+01
 1088 ,  4.79375e+01 ,  1.11875e+01
 1089 ,  4.81250e+01 ,  1.11250e+01
 1090 ,  4.83125e+01 ,  1.10625e+01
 1091 ,  4.85000e+01 ,  1.10000e+01
 1092 ,  4.86875e+01 ,  1.09375e+01
 1093 ,  4.88750e+01 ,  1.08750e+01
 1094 ,  4.90625e+01 ,  1.08125e+01
 1095 ,  4.92500e+01 ,  1.07500e+01
 1096 ,  4.94375e+01 ,  1.06875e+01
 1097 ,  4.96250e+01 ,  1.06250e+01
 1098 ,  4.98125e+01 ,  1.05625e+01
 1099 ,  5.00000e+01 ,  1.05000e+01
 1100 ,  5.01875e+01 ,  1.04375e+01
 1101 ,  5.03750e+01 ,  1.03750e+01
 1102 ,  5.05625e+01 ,  1.03125e+01
 1103 ,  5.07500e+01 ,  1.02500e+01
 1104 ,  5.09375e+01 ,  1.01875e+01
 1105 ,  5.11250e+01 ,  1.01250e+01
 1106 ,  5.13125e+01 ,  1.00625e+01
 1107 ,  4.81000e+01 ,  1.11875e+01
 1108 ,  4.83000e+01 ,  1.11250e+01
 1109 ,  4.85000e+01 ,  1.10625e+01
 1110 ,  4.87000e+01 ,  1.10000e+01
 1111 ,  4.89000e+01 ,  1.09375e+01
 1112 ,  4.91000e+01 ,  1.08750e+01
 1113 ,  4.93000e+01 ,  1.08125e+01
 1114 ,  4.95000e+01 ,  1.07500e+01
 1115 ,  4.97000e+01 ,  1.06875e+01
 1116 ,  4.99000e+01 ,  1.06250e+01
 1117 ,  5.01000e+01 ,  1.05625e+01
 1118 ,  5.03000e+01 ,  1.05000e+01
 1119 ,  5.05000e+01 ,  1.04375e+01
 1120 ,  5.07000e+01 ,  1.03750e+01
 1121 ,  5.09000e+01 ,  1.03125e+01
 1122 ,  5.11000e+01 ,  1.02500e+01
 1123 ,  5.13000e+01 ,  1.01875e+01
 1124 ,  5.15000e+01 ,  1.01250e+01
 1125 ,  5.17000e+01 ,  1.00625e+01
 1126 ,  4.82625e+01 ,  1.11875e+01
 1127 ,  4.84750e+01 ,  1.11250e+01
 1128 ,  4.86875e+01 ,  1.10625e+01
 1129 ,  4.89000e+01 ,  1.10000e+01
 1130 ,  4.91125e+01 ,  1.09375e+01
 1131 ,  4.93250e+01 ,  1.08750e+01
 1132 ,  4.95375e+01 ,  1.08125e+01
 1133 ,  4.97500e+01 ,  1.07500e+01
 1134 ,  4.99625e+01 ,  1.06875e+01
 1135 ,  5.01750e+01 ,  1.06250e+01
 1136 ,  5.03875e+01 ,  1.05625e+01
 1137 ,  5.06000e+01 ,  1.05000e+01
 1138 ,  5.08125e+01 ,  1.04375e+01
 1139 ,  5.10250e+01 ,  1.03750e+01
 1140 ,  5.12375e+01 ,  1.03125e+01
 1141 ,  5.14500e+01 ,  1.02500e+01
 1142 ,  5.16625e+01 ,  1.01875e+01
 1143 ,  5.18750e+01 ,  1.01250e+01
 1144 ,  5.20875e+01 ,  1.00625e+01
 1145 ,  4.84250e+01 ,  1.11875e+01
 1146 ,  4.86500e+01 ,  1.11250e+01
 1147 ,  4.88750e+01 ,  1.10625e+01
 1148 ,  4.91000e+01 ,  1.10000e+01
 1149 ,  4.93250e+01 ,  1.09375e+01
 1150 ,  4.95500e+01 ,  1.08750e+01
 1151 ,  4.97750e+01 ,  1.08125e+01
 1152 ,  5.00000e+01 ,  1.07500e+01
 1153 ,  5.02250e+01 ,  1.06875e+01
 1154 ,  5.04500e+01 ,  1.06250e+01
 1155 ,  5.06750e+01 ,  1.05625e+01
 1156 ,  5.09000e+01 ,  1.05000e+01
 1157 ,  5.11250e+01 ,  1.04375e+01
 1158 ,  5.13500e+01 ,  1.03750e+01
 1159 ,  5.15750e+01 ,  1.03125e+01
 1160 ,  5.18000e+01 ,  1.02500e+01
 1161 ,  5.20250e+01 ,  1.01875e+01
 1162 ,  5.22500e+01 ,  1.01250e+01
 1163 ,  5.24750e+01 ,  1.00625e+01
 1164 ,  4.85875e+01 ,  1.11875e+01
 1165 ,  4.88250e+01 ,  1.11250e+01
 1166 ,  4.90625e+01 ,  1.10625e+01
 1167 ,  4.93000e+01 ,  1.10000e+01
 1168 ,  4.95375e+01 ,  1.09375e+01
 1169 ,  4.97750e+01 ,  1.08750e+01
 1170 ,  5.00125e+01 ,  1.08125e+01
 1171 ,  5.02500e+01 ,  1.07500e+01
 1172 ,  5.04875e+01 ,  1.06875e+01
 1173 ,  5.07250e+01 ,  1.06250e+01
 1174 ,  5.09625e+01 ,  1.05625e+01
 1175 ,  5.12000e+01 ,  1.05000e+01
 1176 ,  5.14375e+01 ,  1.04375e+01
 1177 ,  5.16750e+01 ,  1.03750e+01
 1178 ,  5.19125e+01 ,  1.03125e+01
 1179 ,  5.21500e+01 ,  1.02500e+01
 1180 ,  5.23875e+01 ,  1.01875e+01
 1181 ,  5.26250e+01 ,  1.01250e+01
 1182 ,  5.28625e+01 ,  1.00625e+01
 1183 ,  5.40000e+01 ,  9.70815e+00
 1184 ,  5.40000e+01 ,  9.36467e+00
 1185 ,  5.40000e+01 ,  8.96042e+00
 1186 ,  5.40000e+01 ,  8.48466e+00
 1187 ,  5.40000e+01 ,  7.92474e+00
 1188 ,  5.40000e+01 ,  7.26577e+00
 1189 ,  5.40000e+01 ,  6.49022e+00
 1190 ,  5.40000e+01 ,  5.57747e+00
 1191 ,  5.40000e+01 ,  4.50326e+00
 1192 ,  5.40000e+01 ,  3.23901e+00
 1193 ,  5.40000e+01 ,  1.75111e+00
 1194 ,  5.45000e+01 ,  9.70815e+00
 1195 ,  5.45000e+01 ,  9.36467e+00
 1196 ,  5.45000e+01 ,  8.96042e+00
 1197 ,  5.45000e+01 ,  8.48466e+00
 1198 ,  5.45000e+01 ,  7.92474e+00
 1199 ,  5.45000e+01 ,  7.26577e+00
 1200 ,  5.45000e+01 ,  6.49022e+00
 1201 ,  5.45000e+01 ,  5.57747e+00
 1202 ,  5.45000e+01 ,  4.50326e+00
 1203 ,  5.45000e+01 ,  3.23901e+00
 1204 ,  5.45000e+01 ,  1.75111e+00
 1205 ,  5.50000e+01 ,  9.70815e+00
 1206 ,  5.50000e+01 ,  9.36467e+00
 1207 ,  5.50000e+01 ,  8.96042e+00
 1208 ,  5.50000e+01 ,  8.48466e+00
 1209 ,  5.50000e+01 ,  7.92474e+00
 1210 ,  5.50000e+01 ,  7.26577e+00
 1211 ,  5.50000e+01 ,  6.49022e+00
 1212 ,  5.50000e+01 ,  5.57747e+00
 1213 ,  5.50000e+01 ,  4.50326e+00
 1214 ,  5.50000e+01 ,  3.23901e+00
 1215 ,  5.50000e+01 ,  1.75111e+00
 1216 ,  3.70000e+01 ,  1.75111e+00
 1217 ,  3.70000e+01 ,  3.23901e+00
 1218 ,  3.70000e+01 ,  4.50326e+00
 1219 ,  3.70000e+01 ,  5.57747e+00
 1220 ,  3.70000e+01 ,  6.49022e+00
 1221 ,  3.70000e+01 ,  7.26577e+00
 1222 ,  3.70000e+01 ,  7.92474e+00
 1223 ,  3.70000e+01 ,  8.48466e+00
 1224 ,  3.70000e+01 ,  8.96042e+00
 1225 ,  3.70000e+01 ,  9.36467e+00
 1226 ,  3.70000e+01 ,  9.70815e+00
 1227 ,  3.65000e+01 ,  1.75111e+00
 1228 ,  3.65000e+01 ,  3.23901e+00
 1229 ,  3.65000e+01 ,  4.50326e+00
 1230 ,  3.65000e+01 ,  5.57747e+00
 1231 ,  3.65000e+01 ,  6.49022e+00
 1232 ,  3.65000e+01 ,  7.26577e+00
 1233 ,  3.65000e+01 ,  7.92474e+00
 1234 ,  3.65000e+01 ,  8.48466e+00
 1235 ,  3.65000e+01 ,  8.96042e+00
 1236 ,  3.65000e+01 ,  9.36467e+00
 1237 ,  3.65000e+01 ,  9.70815e+00
 1238 ,  3.60000e+01 ,  1.75111e+00
 1239 ,  3.60000e+01 ,  3.23901e+00
 1240 ,  3.60000e+01 ,  4.50326e+00
 1241 ,  3.60000e+01 ,  5.57747e+00
 1242 ,  3.60000e+01 ,  6.49022e+00
 1243 ,  3.60000e+01 ,  7.26577e+00
 1244 ,  3.60000e+01 ,  7.92474e+00
 1245 ,  3.60000e+01 ,  8.48466e+00
 1246 ,  3.60000e+01 ,  8.96042e+00
 1247 ,  3.60000e+01 ,  9.36467e+00
 1248 ,  3.60000e+01 ,  9.70815e+00
 1249 ,  4.59000e+01 ,  9.70815e+00
 1250 ,  4.59000e+01 ,  9.36467e+00
 1251 ,  4.59000e+01 ,  8.96042e+00
 1252 ,  4.59000e+01 ,  8.48466e+00
 1253 ,  4.59000e+01 ,  7.92474e+00
 1254 ,  4.59000e+01 ,  7.26577e+00
 1255 ,  4.59000e+01 ,  6.49022e+00
 1256 ,  4.59000e+01 ,  5.57747e+00
 1257 ,  4.59000e+01 ,  4.50326e+00
 1258 ,  4.59000e+01 ,  3.23901e+00
 1259 ,  4.59000e+01 ,  1.75111e+00
 1260 ,  4.63000e+01 ,  9.70815e+00
 1261 ,  4.63000e+01 ,  9.36467e+00
 1262 ,  4.63000e+01 ,  8.96042e+00
 1263 ,  4.63000e+01 ,  8.48466e+00
 1264 ,  4.63000e+01 ,  7.92474e+00
 1265 ,  4.63000e+01 ,  7.26577e+00
 1266 ,  4.63000e+01 ,  6.49022e+00
 1267 ,  4.63000e+01 ,  5.57747e+00
 1268 ,  4.63000e+01 ,  4.50326e+00
 1269 ,  4.63000e+01 ,  3.23901e+00
 1270 ,  4.63000e+01 ,  1.75111e+00
 1271 ,  4.67000e+01 ,  9.70815e+00
 1272 ,  4.67000e+01 ,  9.36467e+00
 1273 ,  4.67000e+01 ,  8.96042e+00
 1274 ,  4.67000e+01 ,  8.48466e+00
 1275 ,  4.67000e+01 ,  7.92474e+00
 1276 ,  4.67000e+01 ,  7.26577e+00
 1277 ,  4.67000e+01 ,  6.49022e+00
 1278 ,  4.67000e+01 ,  5.57747e+00
 1279 ,  4.67000e+01 ,  4.50326e+00
 1280 ,  4.67000e+01 ,  3.23901e+00
 1281 ,  4.67000e+01 ,  1.75111e+00
 1282 ,  4.71000e+01 ,  9.70815e+00
 1283 ,  4.71000e+01 ,  9.36467e+00
 1284 ,  4.71000e+01 ,  8.96042e+00
 1285 ,  4.71000e+01 ,  8.48466e+00
 1286 ,  4.71000e+01 ,  7.92474e+00
 1287 ,  4.71000e+01 ,  7.26577e+00
 1288 ,  4.71000e+01 ,  6.49022e+00
 1289 ,  4.71000e+01 ,  5.57747e+00
 1290 ,  4.71000e+01 ,  4.50326e+00
 1291 ,  4.71000e+01 ,  3.23901e+00
 1292 ,  4.71000e+01 ,  1.75111e+00
 1293 ,  4.75000e+01 ,  9.70815e+00
 1294 ,  4.75000e+01 ,  9.36467e+00
 1295 ,  4.75000e+01 ,  8.96042e+00
 1296 ,  4.75000e+01 ,  8.48466e+00
 1297 ,  4.75000e+01 ,  7.92474e+00
 1298 ,  4.75000e+01 ,  7.26577e+00
 1299 ,  4.75000e+01 ,  6.49022e+00
 1300 ,  4.75000e+01 ,  5.57747e+00
 1301 ,  4.75000e+01 ,  4.50326e+00
 1302 ,  4.75000e+01 ,  3.23901e+00
 1303 ,  4.75000e+01 ,  1.75111e+00
 1304 ,  4.79000e+01 ,  9.70815e+00
 1305 ,  4.79000e+01 ,  9.36467e+00
 1306 ,  4.79000e+01 ,  8.96042e+00
 1307 ,  4.79000e+01 ,  8.48466e+00
 1308 ,  4.79000e+01 ,  7.92474e+00
 1309 ,  4.79000e+01 ,  7.26577e+00
 1310 ,  4.79000e+01 ,  6.49022e+00
 1311 ,  4.79000e+01 ,  5.57747e+00
 1312 ,  4.79000e+01 ,  4.50326e+00
 1313 ,  4.79000e+01 ,  3.23901e+00
 1314 ,  4.79000e+01 ,  1.75111e+00
 1315 ,  4.83000e+01 ,  9.70815e+00
 1316 ,  4.83000e+01 ,  9.36467e+00
 1317 ,  4.83000e+01 ,  8.96042e+00
 1318 ,  4.83000e+01 ,  8.48466e+00
 1319 ,  4.83000e+01 ,  7.92474e+00
 1320 ,  4.83000e+01 ,  7.26577e+00
 1321 ,  4.83000e+01 ,  6.49022e+00
 1322 ,  4.83000e+01 ,  5.57747e+00
 1323 ,  4.83000e+01 ,  4.50326e+00
 1324 ,  4.83000e+01 ,  3.23901e+00
 1325 ,  4.83000e+01 ,  1.75111e+00
 1326 ,  4.87000e+01 ,  9.70815e+00
 1327 ,  4.87000e+01 ,  9.36467e+00
 1328 ,  4.87000e+01 ,  8.96042e+00
 1329 ,  4.87000e+01 ,  8.48466e+00
 1330 ,  4.87000e+01 ,  7.92474e+00
 1331 ,  4.87000e+01 ,  7.26577e+00
 1332 ,  4.87000e+01 ,  6.49022e+00
 1333 ,  4.87000e+01 ,  5.57747e+00
 1334 ,  4.87000e+01 ,  4.50326e+00
 1335 ,  4.87000e+01 ,  3.23901e+00
 1336 ,  4.87000e+01 ,  1.75111e+00
 1337 ,  4.91000e+01 ,  9.70815e+00
 1338 ,  4.91000e+01 ,  9.36467e+00
 1339 ,  4.91000e+01 ,  8.96042e+00
 1340 ,  4.91000e+01 ,  8.48466e+00
 1341 ,  4.91000e+01 ,  7.92474e+00
 1342 ,  4.91000e+01 ,  7.26577e+00
 1343 ,  4.91000e+01 ,  6.49022e+00
 1344 ,  4.91000e+01 ,  5.57747e+00
 1345 ,  4.91000e+01 ,  4.50326e+00
 1346 ,  4.91000e+01 ,  3.23901e+00
 1347 ,  4.91000e+01 ,  1.75111e+00
 1348 ,  4.95000e+01 ,  9.70815e+00
 1349 ,  4.95000e+01 ,  9.36467e+00
 1350 ,  4.95000e+01 ,  8.96042e+00
 1351 ,  4.95000e+01 ,  8.48466e+00
 1352 ,  4.95000e+01 ,  7.92474e+00
 1353 ,  4.95000e+01 ,  7.26577e+00
 1354 ,  4.95000e+01 ,  6.49022e+00
 1355 ,  4.95000e+01 ,  5.57747e+00
 1356 ,  4.95000e+01 ,  4.50326e+00
 1357 ,  4.95000e+01 ,  3.23901e+00
 1358 ,  4.95000e+01 ,  1.75111e+00
 1359 ,  4.99000e+01 ,  9.70815e+00
 1360 ,  4.99000e+01 ,  9.36467e+00
 1361 ,  4.99000e+01 ,  8.96042e+00
 1362 ,  4.99000e+01 ,  8.48466e+00
 1363 ,  4.99000e+01 ,  7.92474e+00
 1364 ,  4.99000e+01 ,  7.26577e+00
 1365 ,  4.99000e+01 ,  6.49022e+00
 1366 ,  4.99000e+01 ,  5.57747e+00
 1367 ,  4.99000e+01 ,  4.50326e+00
 1368 ,  4.99000e+01 ,  3.23901e+00
 1369 ,  4.99000e+01 ,  1.75111e+00
 1370 ,  5.03000e+01 ,  9.70815e+00
 1371 ,  5.03000e+01 ,  9.36467e+00
 1372 ,  5.03000e+01 ,  8.96042e+00
 1373 ,  5.03000e+01 ,  8.48466e+00
 1374 ,  5.03000e+01 ,  7.92474e+00
 1375 ,  5.03000e+01 ,  7.26577e+00
 1376 ,  5.03000e+01 ,  6.49022e+00
 1377 ,  5.03000e+01 ,  5.57747e+00
 1378 ,  5.03000e+01 ,  4.50326e+00
 1379 ,  5.03000e+01 ,  3.23901e+00
 1380 ,  5.03000e+01 ,  1.75111e+00
 1381 ,  5.07000e+01 ,  9.70815e+00
 1382 ,  5.07000e+01 ,  9.36467e+00
 1383 ,  5.07000e+01 ,  8.96042e+00
 1384 ,  5.07000e+01 ,  8.48466e+00
 1385 ,  5.07000e+01 ,  7.92474e+00
 1386 ,  5.07000e+01 ,  7.26577e+00
 1387 ,  5.07000e+01 ,  6.49022e+00
 1388 ,  5.07000e+01 ,  5.57747e+00
 1389 ,  5.07000e+01 ,  4.50326e+00
 1390 ,  5.07000e+01 ,  3.23901e+00
 1391 ,  5.07000e+01 ,  1.75111e+00
 1392 ,  5.11000e+01 ,  9.70815e+00
 1393 ,  5.11000e+01 ,  9.36467e+00
 1394 ,  5.11000e+01 ,  8.96042e+00
 1395 ,  5.11000e+01 ,  8.48466e+00
 1396 ,  5.11000e+01 ,  7.92474e+00
 1397 ,  5.11000e+01 ,  7.26577e+00
 1398 ,  5.11000e+01 ,  6.49022e+00
 1399 ,  5.11000e+01 ,  5.57747e+00
 1400 ,  5.11000e+01 ,  4.50326e+00
 1401 ,  5.11000e+01 ,  3.23901e+00
 1402 ,  5.11000e+01 ,  1.75111e+00
 1403 ,  5.15000e+01 ,  9.70815e+00
 1404 ,  5.15000e+01 ,  9.36467e+00
 1405 ,  5.15000e+01 ,  8.96042e+00
 1406 ,  5.15000e+01 ,  8.48466e+00
 1407 ,  5.15000e+01 ,  7.92474e+00
 1408 ,  5.15000e+01 ,  7.26577e+00
 1409 ,  5.15000e+01 ,  6.49022e+00
 1410 ,  5.15000e+01 ,  5.57747e+00
 1411 ,  5.15000e+01 ,  4.50326e+00
 1412 ,  5.15000e+01 ,  3.23901e+00
 1413 ,  5.15000e+01 ,  1.75111e+00
 1414 ,  5.19000e+01 ,  9.70815e+00
 1415 ,  5.19000e+01 ,  9.36467e+00
 1416 ,  5.19000e+01 ,  8.96042e+00
 1417 ,  5.19000e+01 ,  8.48466e+00
 1418 ,  5.19000e+01 ,  7.92474e+00
 1419 ,  5.19000e+01 ,  7.26577e+00
 1420 ,  5.19000e+01 ,  6.49022e+00
 1421 ,  5.19000e+01 ,  5.57747e+00
 1422 ,  5.19000e+01 ,  4.50326e+00
 1423 ,  5.19000e+01 ,  3.23901e+00
 1424 ,  5.19000e+01 ,  1.75111e+00
 1425 ,  5.23000e+01 ,  9.70815e+00
 1426 ,  5.23000e+01 ,  9.36467e+00
 1427 ,  5.23000e+01 ,  8.96042e+00
 1428 ,  5.23000e+01 ,  8.48466e+00
 1429 ,  5.23000e+01 ,  7.92474e+00
 1430 ,  5.23000e+01 ,  7.26577e+00
 1431 ,  5.23000e+01 ,  6.49022e+00
 1432 ,  5.23000e+01 ,  5.57747e+00
 1433 ,  5.23000e+01 ,  4.50326e+00
 1434 ,  5.23000e+01 ,  3.23901e+00
 1435 ,  5.23000e+01 ,  1.75111e+00
 1436 ,  5.27000e+01 ,  9.70815e+00
 1437 ,  5.27000e+01 ,  9.36467e+00
 1438 ,  5.27000e+01 ,  8.96042e+00
 1439 ,  5.27000e+01 ,  8.48466e+00
 1440 ,  5.27000e+01 ,  7.92474e+00
 1441 ,  5.27000e+01 ,  7.26577e+00
 1442 ,  5.27000e+01 ,  6.49022e+00
 1443 ,  5.27000e+01 ,  5.57747e+00
 1444 ,  5.27000e+01 ,  4.50326e+00
 1445 ,  5.27000e+01 ,  3.23901e+00
 1446 ,  5.27000e+01 ,  1.75111e+00
 1447 ,  5.31000e+01 ,  9.70815e+00
 1448 ,  5.31000e+01 ,  9.36467e+00
 1449 ,  5.31000e+01 ,  8.96042e+00
 1450 ,  5.31000e+01 ,  8.48466e+00
 1451 ,  5.31000e+01 ,  7.92474e+00
 1452 ,  5.31000e+01 ,  7.26577e+00
 1453 ,  5.31000e+01 ,  6.49022e+00
 1454 ,  5.31000e+01 ,  5.57747e+00
 1455 ,  5.31000e+01 ,  4.50326e+00
 1456 ,  5.31000e+01 ,  3.23901e+00
 1457 ,  5.31000e+01 ,  1.75111e+00
